# X   Y   E

1.54973 163.685 0
1.54996 136.049 0
1.55019 235.999 0
1.55043 106.544 0
1.55066 34.1962 0
1.55089 126.983 0
1.55112 185.24 0
1.55135 159.106 0
1.55159 162.897 0
1.55182 285.001 0
1.55205 -20.5714 0
1.55228 78.9281 0
1.55252 99.7945 0
1.55275 187.803 0
1.55298 172.086 0
1.55321 132.621 0
1.55345 258.081 0
1.55368 146.427 0
1.55391 73.3997 0
1.55415 84.818 0
1.55438 84.1622 0
1.55461 167.638 0
1.55485 143.373 0
1.55508 179.583 0
1.55531 40.857 0
1.55555 19.281 0
1.55578 65.06 0
1.55601 68.7852 0
1.55625 158.177 0
1.55648 140.36 0
1.55671 115.4 0
1.55695 115.156 0
1.55718 88.5484 0
1.55742 75.1927 0
1.55765 53.0733 0
1.55788 88.5673 0
1.55812 159.42 0
1.55835 146.045 0
1.55859 216.966 0
1.55882 283.792 0
1.55906 148.245 0
1.55929 134.714 0
1.55953 277.599 0
1.55976 166.987 0
1.55999 34.0933 0
1.56023 130.861 0
1.56046 155.558 0
1.5607 268.661 0
1.56093 103.564 0
1.56117 132.692 0
1.5614 145.163 0
1.56164 273.481 0
1.56188 38.7433 0
1.56211 75.5354 0
1.56235 3.94386 0
1.56258 136.36 0
1.56282 57.2155 0
1.56305 113.358 0
1.56329 122.259 0
1.56353 216.58 0
1.56376 131.41 0
1.564 21.084 0
1.56423 139.983 0
1.56447 211.976 0
1.56471 16.1418 0
1.56494 44.4828 0
1.56518 167.476 0
1.56541 112.07 0
1.56565 97.4316 0
1.56589 122.542 0
1.56612 118.734 0
1.56636 217.425 0
1.5666 133.958 0
1.56683 258.251 0
1.56707 175.426 0
1.56731 270.076 0
1.56755 280.698 0
1.56778 173.787 0
1.56802 95.8805 0
1.56826 79.2922 0
1.56849 140.37 0
1.56873 111.815 0
1.56897 -47.5459 0
1.56921 68.3207 0
1.56944 288.357 0
1.56968 43.2582 0
1.56992 120.255 0
1.57016 158.198 0
1.5704 21.1318 0
1.57063 110.718 0
1.57087 111.711 0
1.57111 61.1189 0
1.57135 136.124 0
1.57159 188.372 0
1.57183 164.022 0
1.57206 100.495 0
1.5723 84.8073 0
1.57254 221.801 0
1.57278 98.6115 0
1.57302 76.3699 0
1.57326 161.804 0
1.5735 136.705 0
1.57373 188.583 0
1.57397 165.024 0
1.57421 99.0971 0
1.57445 249.765 0
1.57469 71.0062 0
1.57493 140.395 0
1.57517 109.579 0
1.57541 265.43 0
1.57565 124.007 0
1.57589 98.8189 0
1.57613 183.221 0
1.57637 146.832 0
1.57661 43.4217 0
1.57685 101.407 0
1.57709 61.8528 0
1.57733 241.267 0
1.57757 240.374 0
1.57781 38.5396 0
1.57805 254.741 0
1.57829 370.88 0
1.57853 198.51 0
1.57877 187.746 0
1.57901 -12.7963 0
1.57925 179.735 0
1.57949 188.676 0
1.57973 50.5389 0
1.57997 250.36 0
1.58021 220.723 0
1.58046 125.537 0
1.5807 160.472 0
1.58094 29.8784 0
1.58118 132.83 0
1.58142 129.136 0
1.58166 65.4039 0
1.5819 120.202 0
1.58214 204.766 0
1.58239 182.604 0
1.58263 42.346 0
1.58287 -33.9639 0
1.58311 151.12 0
1.58335 189.718 0
1.58359 200.411 0
1.58384 288.234 0
1.58408 92.0604 0
1.58432 111.011 0
1.58456 169.1 0
1.58481 126.556 0
1.58505 -73.8186 0
1.58529 58.7457 0
1.58553 133.22 0
1.58578 99.9735 0
1.58602 133.303 0
1.58626 277.352 0
1.5865 215.128 0
1.58675 308.302 0
1.58699 233.941 0
1.58723 151.13 0
1.58748 95.6682 0
1.58772 248.342 0
1.58796 98.1359 0
1.58821 23.7675 0
1.58845 309.125 0
1.58869 47.8977 0
1.58894 72.8999 0
1.58918 68.0366 0
1.58942 80.5387 0
1.58967 148.371 0
1.58991 205.22 0
1.59016 88.7848 0
1.5904 120.348 0
1.59064 115.939 0
1.59089 194.549 0
1.59113 230.356 0
1.59138 239.829 0
1.59162 221.278 0
1.59187 251.336 0
1.59211 151.213 0
1.59235 47.6732 0
1.5926 84.2946 0
1.59284 108.724 0
1.59309 21.4382 0
1.59333 97.5925 0
1.59358 99.6243 0
1.59382 60.9471 0
1.59407 44.8252 0
1.59431 8.18808 0
1.59456 119.556 0
1.59481 152.42 0
1.59505 198.043 0
1.5953 204.893 0
1.59554 52.0415 0
1.59579 64.4347 0
1.59603 125.909 0
1.59628 202.722 0
1.59653 159.919 0
1.59677 173.216 0
1.59702 155.759 0
1.59726 182.286 0
1.59751 180.461 0
1.59776 74.2047 0
1.598 220.697 0
1.59825 105.586 0
1.5985 16.7227 0
1.59874 197.174 0
1.59899 160.861 0
1.59924 250.919 0
1.59948 181.184 0
1.59973 93.5099 0
1.59998 179.226 0
1.60022 126.239 0
1.60047 220.631 0
1.60072 79.4906 0
1.60096 77.6268 0
1.60121 64.5672 0
1.60146 177.181 0
1.60171 63.1919 0
1.60195 180.848 0
1.6022 103.241 0
1.60245 137.278 0
1.6027 105.576 0
1.60295 81.1714 0
1.60319 193.054 0
1.60344 190.825 0
1.60369 100.788 0
1.60394 187.385 0
1.60419 193.473 0
1.60443 37.3055 0
1.60468 69.2863 0
1.60493 139.508 0
1.60518 101.992 0
1.60543 122.865 0
1.60568 305.753 0
1.60593 195.238 0
1.60618 31.9577 0
1.60642 130.736 0
1.60667 220.471 0
1.60692 88.1985 0
1.60717 210.371 0
1.60742 42.7356 0
1.60767 118.386 0
1.60792 228.407 0
1.60817 210.157 0
1.60842 94.6597 0
1.60867 41.9234 0
1.60892 169.143 0
1.60917 108.276 0
1.60942 58.5735 0
1.60967 159.09 0
1.60992 192.413 0
1.61017 240.143 0
1.61042 129.982 0
1.61067 100.515 0
1.61092 104.22 0
1.61117 88.8083 0
1.61142 226.019 0
1.61167 40.8811 0
1.61192 120.365 0
1.61217 324.465 0
1.61242 187.163 0
1.61267 178.147 0
1.61293 160.988 0
1.61318 125.576 0
1.61343 186.483 0
1.61368 160.089 0
1.61393 172.479 0
1.61418 230.356 0
1.61443 179.957 0
1.61468 188.203 0
1.61494 43.6091 0
1.61519 169.676 0
1.61544 132.188 0
1.61569 165.84 0
1.61594 101.154 0
1.6162 69.4005 0
1.61645 0.521075 0
1.6167 59.0659 0
1.61695 56.8403 0
1.6172 93.184 0
1.61746 27.0489 0
1.61771 70.3343 0
1.61796 26.3112 0
1.61821 186.211 0
1.61847 140.132 0
1.61872 119.017 0
1.61897 167.226 0
1.61923 88.5693 0
1.61948 158.204 0
1.61973 223.847 0
1.61999 190.239 0
1.62024 214.637 0
1.62049 203.341 0
1.62075 57.7293 0
1.621 72.0194 0
1.62125 118.806 0
1.62151 89.3548 0
1.62176 189.194 0
1.62201 100.729 0
1.62227 104.054 0
1.62252 139.628 0
1.62278 216.288 0
1.62303 131.51 0
1.62328 193.657 0
1.62354 174.795 0
1.62379 218.311 0
1.62405 234.032 0
1.6243 157.974 0
1.62456 103.029 0
1.62481 97.0663 0
1.62507 140.295 0
1.62532 130.248 0
1.62558 139.975 0
1.62583 -60.3143 0
1.62609 97.0954 0
1.62634 148.986 0
1.6266 102.585 0
1.62685 254.967 0
1.62711 110.512 0
1.62736 139.9 0
1.62762 58.1409 0
1.62787 108.716 0
1.62813 11.7492 0
1.62839 67.5 0
1.62864 42.52 0
1.6289 31.1867 0
1.62915 139.269 0
1.62941 153.575 0
1.62967 166.917 0
1.62992 131.252 0
1.63018 213.151 0
1.63043 52.963 0
1.63069 164.33 0
1.63095 161.388 0
1.6312 156.106 0
1.63146 119.142 0
1.63172 190.499 0
1.63198 86.2224 0
1.63223 139.976 0
1.63249 259.645 0
1.63275 81.2733 0
1.633 196.1 0
1.63326 162.241 0
1.63352 91.9102 0
1.63378 23.572 0
1.63403 176.982 0
1.63429 138.487 0
1.63455 178.236 0
1.63481 104.012 0
1.63507 77.8557 0
1.63532 127.911 0
1.63558 122.392 0
1.63584 71.8794 0
1.6361 153.007 0
1.63636 220.232 0
1.63661 244.608 0
1.63687 140.932 0
1.63713 80.4285 0
1.63739 163.225 0
1.63765 203.578 0
1.63791 87.203 0
1.63817 181.89 0
1.63843 228.648 0
1.63869 112.559 0
1.63894 171.008 0
1.6392 228.083 0
1.63946 37.452 0
1.63972 140.997 0
1.63998 113.955 0
1.64024 227.218 0
1.6405 156.52 0
1.64076 146.037 0
1.64102 292.435 0
1.64128 184.575 0
1.64154 114.005 0
1.6418 3.25323 0
1.64206 157.176 0
1.64232 92.9255 0
1.64258 84.0615 0
1.64284 167.44 0
1.6431 222.953 0
1.64336 114.46 0
1.64362 91.3752 0
1.64388 133.767 0
1.64414 174.249 0
1.64441 176.58 0
1.64467 235.713 0
1.64493 194.349 0
1.64519 98.2626 0
1.64545 55.064 0
1.64571 157.729 0
1.64597 279.208 0
1.64623 215.137 0
1.6465 140.939 0
1.64676 67.0783 0
1.64702 61.4481 0
1.64728 37.6075 0
1.64754 -0.70265 0
1.6478 197.765 0
1.64807 116.956 0
1.64833 161.897 0
1.64859 151.042 0
1.64885 242.873 0
1.64912 118.425 0
1.64938 182.679 0
1.64964 96.2181 0
1.6499 133.467 0
1.65017 87.5871 0
1.65043 139.819 0
1.65069 124.554 0
1.65096 80.4304 0
1.65122 119.087 0
1.65148 229.283 0
1.65174 52.0843 0
1.65201 106.392 0
1.65227 -2.98898 0
1.65253 120.305 0
1.6528 54.2008 0
1.65306 17.099 0
1.65333 114.928 0
1.65359 163.202 0
1.65385 83.4047 0
1.65412 111.729 0
1.65438 136.385 0
1.65465 71.5231 0
1.65491 25.0677 0
1.65517 125.759 0
1.65544 257.356 0
1.6557 267.938 0
1.65597 171.951 0
1.65623 139.592 0
1.6565 227.488 0
1.65676 161.029 0
1.65703 277.015 0
1.65729 235.122 0
1.65756 119.259 0
1.65782 172.797 0
1.65809 178.544 0
1.65835 183.092 0
1.65862 41.2741 0
1.65888 155.554 0
1.65915 52.7063 0
1.65941 63.1987 0
1.65968 147.399 0
1.65995 228.586 0
1.66021 157.64 0
1.66048 135.547 0
1.66074 53.5457 0
1.66101 50.7383 0
1.66128 112.998 0
1.66154 129.628 0
1.66181 250.849 0
1.66208 170.826 0
1.66234 147.641 0
1.66261 113.426 0
1.66288 90.5025 0
1.66314 254.907 0
1.66341 67.7179 0
1.66368 121.148 0
1.66394 174.67 0
1.66421 42.4427 0
1.66448 93.4012 0
1.66475 142.042 0
1.66501 115.481 0
1.66528 28.3525 0
1.66555 182.189 0
1.66582 131.738 0
1.66608 153.855 0
1.66635 296.334 0
1.66662 314.169 0
1.66689 43.0418 0
1.66716 88.1685 0
1.66742 150.281 0
1.66769 214.532 0
1.66796 122.429 0
1.66823 27.0775 0
1.6685 83.9388 0
1.66877 177.559 0
1.66904 87.7182 0
1.6693 147.948 0
1.66957 69.8062 0
1.66984 107.979 0
1.67011 99.1805 0
1.67038 29.619 0
1.67065 57.3323 0
1.67092 134.881 0
1.67119 89.7862 0
1.67146 79.9879 0
1.67173 61.296 0
1.672 208.231 0
1.67227 292.952 0
1.67254 182.697 0
1.67281 172.429 0
1.67308 58.7805 0
1.67335 124.107 0
1.67362 131.408 0
1.67389 132.917 0
1.67416 116.181 0
1.67443 132.443 0
1.6747 161.086 0
1.67497 248.447 0
1.67524 237.047 0
1.67551 -0.41217 0
1.67578 147.334 0
1.67605 109.078 0
1.67633 171.619 0
1.6766 226.414 0
1.67687 231.757 0
1.67714 222.054 0
1.67741 95.1139 0
1.67768 93.8473 0
1.67795 141.258 0
1.67823 143.686 0
1.6785 220.404 0
1.67877 235.034 0
1.67904 91.4891 0
1.67931 119.894 0
1.67959 199.641 0
1.67986 139.127 0
1.68013 57.6061 0
1.6804 158.521 0
1.68068 109.879 0
1.68095 219.015 0
1.68122 184.696 0
1.68149 53.982 0
1.68177 163.714 0
1.68204 180.435 0
1.68231 100.916 0
1.68259 113.113 0
1.68286 118.915 0
1.68313 223.169 0
1.68341 165.485 0
1.68368 242.305 0
1.68395 187.6 0
1.68423 220.63 0
1.6845 63.5012 0
1.68477 73.5837 0
1.68505 55.0957 0
1.68532 187.179 0
1.6856 149.897 0
1.68587 65.7836 0
1.68614 38.7929 0
1.68642 131.02 0
1.68669 183.837 0
1.68697 178.902 0
1.68724 166.237 0
1.68752 124.736 0
1.68779 237.955 0
1.68807 305.463 0
1.68834 196.646 0
1.68862 91.6948 0
1.68889 108.523 0
1.68917 160.882 0
1.68944 90.6175 0
1.68972 168.184 0
1.68999 5.89822 0
1.69027 -3.42289 0
1.69055 90.9042 0
1.69082 163.218 0
1.6911 103.655 0
1.69137 29.4413 0
1.69165 10.1927 0
1.69193 34.4636 0
1.6922 268.792 0
1.69248 81.736 0
1.69275 39.9505 0
1.69303 122.026 0
1.69331 39.9695 0
1.69358 34.8656 0
1.69386 79.9994 0
1.69414 -15.0893 0
1.69442 163.474 0
1.69469 88.8117 0
1.69497 36.1502 0
1.69525 170.787 0
1.69552 70.7844 0
1.6958 152.411 0
1.69608 187.328 0
1.69636 155.081 0
1.69663 133.977 0
1.69691 152.412 0
1.69719 154.289 0
1.69747 158.782 0
1.69775 204.305 0
1.69802 285.29 0
1.6983 160.36 0
1.69858 218.644 0
1.69886 130.795 0
1.69914 192.524 0
1.69942 91.0584 0
1.6997 194.901 0
1.69997 168.779 0
1.70025 250.885 0
1.70053 126.276 0
1.70081 168.91 0
1.70109 154.812 0
1.70137 208.362 0
1.70165 178.955 0
1.70193 122.268 0
1.70221 155.57 0
1.70249 65.6778 0
1.70277 194.413 0
1.70305 64.7074 0
1.70333 133.976 0
1.70361 103.331 0
1.70389 216.59 0
1.70417 116.084 0
1.70445 176.215 0
1.70473 -46.5156 0
1.70501 -116.004 0
1.70529 103.456 0
1.70557 200.015 0
1.70585 47.8101 0
1.70613 193.35 0
1.70641 143.737 0
1.70669 197.064 0
1.70697 71.0072 0
1.70726 128.051 0
1.70754 151.792 0
1.70782 187.984 0
1.7081 134.397 0
1.70838 154.373 0
1.70866 99.118 0
1.70895 105.277 0
1.70923 228.243 0
1.70951 161.261 0
1.70979 118.015 0
1.71007 162.383 0
1.71036 267.205 0
1.71064 165.582 0
1.71092 135.203 0
1.7112 54.691 0
1.71149 177.542 0
1.71177 268.356 0
1.71205 204.965 0
1.71233 121.677 0
1.71262 171.088 0
1.7129 110.441 0
1.71318 119.529 0
1.71347 104.589 0
1.71375 46.4139 0
1.71403 154.317 0
1.71432 217.175 0
1.7146 126.793 0
1.71488 107.523 0
1.71517 82.6855 0
1.71545 81.3666 0
1.71574 208.483 0
1.71602 193.395 0
1.7163 336.358 0
1.71659 215.996 0
1.71687 155.401 0
1.71716 48.2404 0
1.71744 64.0008 0
1.71773 156.806 0
1.71801 22.075 0
1.7183 239.027 0
1.71858 -12.5438 0
1.71887 17.5765 0
1.71915 134.828 0
1.71944 83.7403 0
1.71972 145.74 0
1.72001 212.502 0
1.72029 119.872 0
1.72058 104.41 0
1.72086 89.7433 0
1.72115 -37.9199 0
1.72144 21.163 0
1.72172 155.902 0
1.72201 81.4437 0
1.72229 -21.5168 0
1.72258 147.632 0
1.72287 -14.9391 0
1.72315 169.685 0
1.72344 117.768 0
1.72373 77.5078 0
1.72401 155.809 0
1.7243 267.315 0
1.72459 231.158 0
1.72487 74.1281 0
1.72516 198.824 0
1.72545 -8.5379 0
1.72574 73.4536 0
1.72602 146.974 0
1.72631 178.615 0
1.7266 93.6055 0
1.72689 176.897 0
1.72717 150.698 0
1.72746 188.32 0
1.72775 247.211 0
1.72804 176.132 0
1.72833 137.276 0
1.72861 143.793 0
1.7289 157.334 0
1.72919 204.147 0
1.72948 196.741 0
1.72977 172.889 0
1.73006 129.428 0
1.73035 218.67 0
1.73064 247.566 0
1.73092 154.28 0
1.73121 103.633 0
1.7315 60.6153 0
1.73179 126.481 0
1.73208 205.48 0
1.73237 77.8638 0
1.73266 187.17 0
1.73295 206.708 0
1.73324 150.335 0
1.73353 193.162 0
1.73382 78.0956 0
1.73411 182.543 0
1.7344 201.337 0
1.73469 184.529 0
1.73498 159.94 0
1.73527 236.288 0
1.73556 154.373 0
1.73585 -28.5501 0
1.73614 177.689 0
1.73644 17.1991 0
1.73673 78.4125 0
1.73702 188.944 0
1.73731 116.352 0
1.7376 116.03 0
1.73789 122.677 0
1.73818 239.377 0
1.73847 107.267 0
1.73877 84.7528 0
1.73906 135.181 0
1.73935 139.013 0
1.73964 320.486 0
1.73993 254.645 0
1.74023 207.458 0
1.74052 103.532 0
1.74081 122.927 0
1.7411 -0.383212 0
1.7414 -18.0184 0
1.74169 15.7787 0
1.74198 125.748 0
1.74227 157.273 0
1.74257 124.187 0
1.74286 168.381 0
1.74315 197.378 0
1.74345 136.155 0
1.74374 145.552 0
1.74403 12.7153 0
1.74433 -6.55918 0
1.74462 146.185 0
1.74491 253.669 0
1.74521 234.356 0
1.7455 122.835 0
1.7458 142.665 0
1.74609 150.962 0
1.74638 31.9248 0
1.74668 98.4609 0
1.74697 122.245 0
1.74727 204.389 0
1.74756 211.034 0
1.74786 297.648 0
1.74815 170.572 0
1.74845 165.59 0
1.74874 251.86 0
1.74904 152.833 0
1.74933 -27.2725 0
1.74963 18.5649 0
1.74992 107.238 0
1.75022 84.1933 0
1.75051 180.812 0
1.75081 106.145 0
1.75111 188.075 0
1.7514 188.453 0
1.7517 233.055 0
1.75199 251.514 0
1.75229 181.321 0
1.75259 154.841 0
1.75288 13.5571 0
1.75318 66.0057 0
1.75348 71.3186 0
1.75377 -14.5173 0
1.75407 135.172 0
1.75437 238.083 0
1.75466 156.579 0
1.75496 285.713 0
1.75526 261.683 0
1.75556 82.7259 0
1.75585 180.528 0
1.75615 36.219 0
1.75645 111.062 0
1.75675 202.147 0
1.75704 22.1525 0
1.75734 44.4277 0
1.75764 153.336 0
1.75794 169.773 0
1.75824 97.2182 0
1.75853 89.386 0
1.75883 215.997 0
1.75913 57.5001 0
1.75943 25.7396 0
1.75973 113.525 0
1.76003 137.331 0
1.76033 152.806 0
1.76063 49.6436 0
1.76093 149.28 0
1.76122 167.101 0
1.76152 107.837 0
1.76182 139.924 0
1.76212 184.981 0
1.76242 259.592 0
1.76272 136.083 0
1.76302 178.094 0
1.76332 288.606 0
1.76362 350.079 0
1.76392 254.987 0
1.76422 75.8543 0
1.76452 168.783 0
1.76482 178.052 0
1.76512 160.391 0
1.76542 118.565 0
1.76573 106.336 0
1.76603 178.643 0
1.76633 214.197 0
1.76663 182.955 0
1.76693 118.625 0
1.76723 169.979 0
1.76753 102.704 0
1.76783 -5.72883 0
1.76814 55.7123 0
1.76844 67.9758 0
1.76874 148.482 0
1.76904 157.961 0
1.76934 140.632 0
1.76965 107.192 0
1.76995 132.847 0
1.77025 106.9 0
1.77055 222.605 0
1.77086 82.853 0
1.77116 176.908 0
1.77146 22.545 0
1.77176 55.0806 0
1.77207 86.6514 0
1.77237 274.699 0
1.77267 61.1193 0
1.77298 52.3691 0
1.77328 214.576 0
1.77358 220.755 0
1.77389 154.027 0
1.77419 232.676 0
1.77449 251.945 0
1.7748 -9.76909 0
1.7751 61.2669 0
1.77541 113.385 0
1.77571 219.937 0
1.77601 73.1343 0
1.77632 122.653 0
1.77662 127.934 0
1.77693 193.743 0
1.77723 117.994 0
1.77754 114.647 0
1.77784 219.059 0
1.77815 16.1463 0
1.77845 57.2079 0
1.77876 114.425 0
1.77906 126.037 0
1.77937 49.757 0
1.77967 90.5002 0
1.77998 175.631 0
1.78029 67.8207 0
1.78059 -47.8344 0
1.7809 68.6831 0
1.7812 69.0054 0
1.78151 138.665 0
1.78182 100.638 0
1.78212 111.222 0
1.78243 2.37521 0
1.78274 70.5892 0
1.78304 25.8659 0
1.78335 161.744 0
1.78366 209.044 0
1.78396 131.566 0
1.78427 140.211 0
1.78458 195.521 0
1.78489 166.778 0
1.78519 136.796 0
1.7855 189.525 0
1.78581 185.525 0
1.78612 126.281 0
1.78642 225.277 0
1.78673 197.873 0
1.78704 326.174 0
1.78735 248.052 0
1.78766 148.619 0
1.78796 212.351 0
1.78827 171.547 0
1.78858 150.82 0
1.78889 224.748 0
1.7892 207.763 0
1.78951 146.51 0
1.78982 92.8999 0
1.79013 63.9115 0
1.79044 251.543 0
1.79075 212.998 0
1.79106 111.849 0
1.79136 138.498 0
1.79167 162.434 0
1.79198 124.671 0
1.79229 3.03295 0
1.7926 20.9351 0
1.79291 76.257 0
1.79322 201.475 0
1.79353 164.417 0
1.79385 122.719 0
1.79416 78.2411 0
1.79447 -23.7333 0
1.79478 -4.84141 0
1.79509 112.741 0
1.7954 -9.10772 0
1.79571 8.80531 0
1.79602 117.594 0
1.79633 128.545 0
1.79664 245.912 0
1.79696 143.792 0
1.79727 113.067 0
1.79758 124.06 0
1.79789 -62.6943 0
1.7982 168.01 0
1.79852 172.666 0
1.79883 52.5817 0
1.79914 181.265 0
1.79945 254.704 0
1.79976 207.746 0
1.80008 123.328 0
1.80039 168.106 0
1.8007 105.181 0
1.80102 129.825 0
1.80133 116.716 0
1.80164 152.317 0
1.80196 142.409 0
1.80227 147.09 0
1.80258 228.632 0
1.8029 116.309 0
1.80321 223.062 0
1.80352 282.454 0
1.80384 37.1863 0
1.80415 152.822 0
1.80447 176.495 0
1.80478 114.002 0
1.80509 203.746 0
1.80541 304.486 0
1.80572 225.347 0
1.80604 209.537 0
1.80635 153.423 0
1.80667 274.027 0
1.80698 140.753 0
1.8073 124.659 0
1.80761 83.867 0
1.80793 165.721 0
1.80824 160.113 0
1.80856 96.3333 0
1.80887 100.939 0
1.80919 131.844 0
1.80951 214.249 0
1.80982 195.7 0
1.81014 140.333 0
1.81046 136.343 0
1.81077 23.9326 0
1.81109 -38.6578 0
1.8114 3.94064 0
1.81172 62.5121 0
1.81204 158.195 0
1.81235 63.123 0
1.81267 66.3147 0
1.81299 59.4804 0
1.81331 120.654 0
1.81362 123.449 0
1.81394 226.813 0
1.81426 148.131 0
1.81458 190.435 0
1.81489 133.355 0
1.81521 7.9463 0
1.81553 220.542 0
1.81585 220.672 0
1.81617 98.6483 0
1.81648 224.933 0
1.8168 69.8805 0
1.81712 134.814 0
1.81744 130.469 0
1.81776 148.474 0
1.81808 115.559 0
1.8184 113.884 0
1.81872 38.5491 0
1.81904 38.2633 0
1.81935 73.7745 0
1.81967 277.162 0
1.81999 119.568 0
1.82031 115.001 0
1.82063 119.918 0
1.82095 156.123 0
1.82127 305.564 0
1.82159 340.487 0
1.82191 113.51 0
1.82223 16.4647 0
1.82255 215.944 0
1.82288 240.399 0
1.8232 144.441 0
1.82352 156.935 0
1.82384 72.8077 0
1.82416 87.2236 0
1.82448 114.224 0
1.8248 233.079 0
1.82512 79.2905 0
1.82544 70.4061 0
1.82577 229.926 0
1.82609 136.25 0
1.82641 131.488 0
1.82673 135.129 0
1.82705 101.323 0
1.82738 171.208 0
1.8277 156.689 0
1.82802 222.289 0
1.82834 -1.62094 0
1.82867 171.24 0
1.82899 276.56 0
1.82931 222.325 0
1.82963 118.575 0
1.82996 187.78 0
1.83028 124.956 0
1.8306 173.076 0
1.83093 82.7869 0
1.83125 102.613 0
1.83157 150.659 0
1.8319 157.47 0
1.83222 67.3327 0
1.83255 118.396 0
1.83287 120.27 0
1.83319 149.228 0
1.83352 134.507 0
1.83384 153.671 0
1.83417 73.385 0
1.83449 150.948 0
1.83482 168.781 0
1.83514 167.399 0
1.83547 225.142 0
1.83579 68.7092 0
1.83612 157.186 0
1.83644 184.313 0
1.83677 88.2043 0
1.83709 113.609 0
1.83742 34.0523 0
1.83775 167.867 0
1.83807 166.588 0
1.8384 162.352 0
1.83872 100.29 0
1.83905 93.0001 0
1.83938 82.4263 0
1.8397 192.671 0
1.84003 203.131 0
1.84036 311.907 0
1.84068 148.793 0
1.84101 146.744 0
1.84134 213.198 0
1.84166 126.811 0
1.84199 226.97 0
1.84232 172.558 0
1.84265 162.956 0
1.84297 -24.7131 0
1.8433 88.9506 0
1.84363 100 0
1.84396 142.922 0
1.84429 173.078 0
1.84461 76.3221 0
1.84494 226.721 0
1.84527 157.626 0
1.8456 298.909 0
1.84593 170.544 0
1.84626 233.658 0
1.84659 143.446 0
1.84692 220.992 0
1.84725 16.6135 0
1.84757 43.545 0
1.8479 -44.0901 0
1.84823 87.7613 0
1.84856 121.075 0
1.84889 193.912 0
1.84922 121.025 0
1.84955 4.41577 0
1.84988 79.4642 0
1.85021 165.928 0
1.85054 141.566 0
1.85087 125.828 0
1.8512 72.5305 0
1.85154 68.5069 0
1.85187 21.1403 0
1.8522 82.0771 0
1.85253 55.1706 0
1.85286 161.833 0
1.85319 200.939 0
1.85352 57.4554 0
1.85385 87.6412 0
1.85419 67.1539 0
1.85452 110.036 0
1.85485 122.522 0
1.85518 181.892 0
1.85551 58.0261 0
1.85585 150.347 0
1.85618 84.1245 0
1.85651 172.058 0
1.85684 -44.4487 0
1.85718 162.815 0
1.85751 95.3088 0
1.85784 78.1663 0
1.85818 -12.0312 0
1.85851 105.318 0
1.85884 220.777 0
1.85918 161.203 0
1.85951 141.496 0
1.85984 205.406 0
1.86018 248.817 0
1.86051 202.712 0
1.86084 305.911 0
1.86118 196.537 0
1.86151 180.297 0
1.86185 148.083 0
1.86218 218.802 0
1.86252 184.811 0
1.86285 95.7199 0
1.86319 128.244 0
1.86352 212.033 0
1.86386 228.289 0
1.86419 122.095 0
1.86453 221.495 0
1.86486 116.78 0
1.8652 100.125 0
1.86553 31.7471 0
1.86587 226.014 0
1.86621 101.837 0
1.86654 119.678 0
1.86688 106.034 0
1.86722 114.609 0
1.86755 209.982 0
1.86789 125.234 0
1.86823 173.709 0
1.86856 133.568 0
1.8689 123.169 0
1.86924 23.3595 0
1.86957 125.297 0
1.86991 102.867 0
1.87025 95.537 0
1.87059 110.034 0
1.87092 178.489 0
1.87126 152.256 0
1.8716 183.301 0
1.87194 145.948 0
1.87228 89.379 0
1.87261 120.914 0
1.87295 -29.1992 0
1.87329 60.274 0
1.87363 153.631 0
1.87397 158.308 0
1.87431 78.4049 0
1.87465 11.4481 0
1.87499 87.3739 0
1.87532 204.217 0
1.87566 150.048 0
1.876 -87.5254 0
1.87634 78.7247 0
1.87668 184.153 0
1.87702 18.4459 0
1.87736 164.798 0
1.8777 261.609 0
1.87804 141.039 0
1.87838 101.557 0
1.87872 97.5029 0
1.87907 190.793 0
1.87941 101.563 0
1.87975 92.1845 0
1.88009 80.5749 0
1.88043 113.171 0
1.88077 174.606 0
1.88111 161.733 0
1.88145 222.394 0
1.88179 120.309 0
1.88214 298.972 0
1.88248 146.611 0
1.88282 230.102 0
1.88316 287.949 0
1.88351 109.016 0
1.88385 224.551 0
1.88419 228.908 0
1.88453 133.453 0
1.88488 102.143 0
1.88522 94.679 0
1.88556 62.4651 0
1.8859 207.774 0
1.88625 22.0059 0
1.88659 103.226 0
1.88693 94.5039 0
1.88728 129.663 0
1.88762 15.4494 0
1.88797 55.1129 0
1.88831 140.447 0
1.88865 92.8309 0
1.889 93.5355 0
1.88934 63.3138 0
1.88969 82.9793 0
1.89003 125.3 0
1.89038 121.983 0
1.89072 148.279 0
1.89107 -8.22002 0
1.89141 118.514 0
1.89176 113.027 0
1.8921 84.9056 0
1.89245 106.245 0
1.89279 83.9418 0
1.89314 140.763 0
1.89349 80.7996 0
1.89383 260.64 0
1.89418 297.475 0
1.89452 104.146 0
1.89487 68.6823 0
1.89522 118.21 0
1.89556 171.776 0
1.89591 341.689 0
1.89626 174.786 0
1.8966 148.468 0
1.89695 198.481 0
1.8973 190.021 0
1.89765 182.915 0
1.89799 216.821 0
1.89834 148.856 0
1.89869 153.747 0
1.89904 81.2483 0
1.89939 45.7228 0
1.89973 6.39432 0
1.90008 122.763 0
1.90043 110.413 0
1.90078 184.565 0
1.90113 324.266 0
1.90148 354.54 0
1.90183 160.463 0
1.90217 163.84 0
1.90252 211.471 0
1.90287 108.05 0
1.90322 169.897 0
1.90357 115.6 0
1.90392 152.538 0
1.90427 114.369 0
1.90462 189.613 0
1.90497 231.858 0
1.90532 118.328 0
1.90567 166.462 0
1.90602 50.6708 0
1.90637 142.329 0
1.90672 126.127 0
1.90707 237.498 0
1.90743 252.005 0
1.90778 235.496 0
1.90813 272.255 0
1.90848 307.6 0
1.90883 182.578 0
1.90918 85.5104 0
1.90953 4.40646 0
1.90989 88.6372 0
1.91024 47.0813 0
1.91059 30.646 0
1.91094 136.461 0
1.9113 131.511 0
1.91165 104.978 0
1.912 206.212 0
1.91235 153.161 0
1.91271 152.364 0
1.91306 176.204 0
1.91341 151.091 0
1.91377 70.3155 0
1.91412 164.432 0
1.91447 101.039 0
1.91483 176.363 0
1.91518 164.667 0
1.91554 113.967 0
1.91589 139.671 0
1.91624 110.837 0
1.9166 67.4877 0
1.91695 13.1965 0
1.91731 89.5731 0
1.91766 141.169 0
1.91802 57.3704 0
1.91837 193.516 0
1.91873 137.467 0
1.91908 175.926 0
1.91944 39.1319 0
1.91979 79.9986 0
1.92015 161.777 0
1.9205 234.291 0
1.92086 203.615 0
1.92122 38.0057 0
1.92157 164.553 0
1.92193 162.358 0
1.92229 20.7785 0
1.92264 252.134 0
1.923 135.488 0
1.92336 128.451 0
1.92371 170.398 0
1.92407 235.059 0
1.92443 187.107 0
1.92479 103.598 0
1.92514 117.127 0
1.9255 205.569 0
1.92586 115.871 0
1.92622 174.638 0
1.92657 166.353 0
1.92693 119.361 0
1.92729 125.498 0
1.92765 164.052 0
1.92801 94.4772 0
1.92837 138.716 0
1.92873 215.546 0
1.92908 216.936 0
1.92944 -24.6362 0
1.9298 91.4622 0
1.93016 129.627 0
1.93052 100.722 0
1.93088 73.8474 0
1.93124 71.4736 0
1.9316 97.1353 0
1.93196 148.486 0
1.93232 168.331 0
1.93268 150.783 0
1.93304 83.093 0
1.9334 66.3582 0
1.93376 131.284 0
1.93413 36.7679 0
1.93449 -25.9822 0
1.93485 176.432 0
1.93521 171.38 0
1.93557 193.922 0
1.93593 179.548 0
1.93629 233.96 0
1.93666 187.983 0
1.93702 177.747 0
1.93738 119.255 0
1.93774 -46.4605 0
1.9381 131.978 0
1.93847 214.214 0
1.93883 234.578 0
1.93919 332.182 0
1.93956 230.934 0
1.93992 207.087 0
1.94028 95.1012 0
1.94065 47.1023 0
1.94101 165.412 0
1.94137 114.33 0
1.94174 178.873 0
1.9421 137.626 0
1.94246 121.869 0
1.94283 56.2225 0
1.94319 157.751 0
1.94356 235.962 0
1.94392 173.9 0
1.94429 129.35 0
1.94465 114.366 0
1.94502 142.685 0
1.94538 154.279 0
1.94575 103.308 0
1.94611 142.532 0
1.94648 115.456 0
1.94684 161.909 0
1.94721 154.326 0
1.94757 27.9399 0
1.94794 117.529 0
1.94831 114.51 0
1.94867 274.47 0
1.94904 109.693 0
1.94941 174.941 0
1.94977 146.283 0
1.95014 84.5709 0
1.95051 126.251 0
1.95087 120.496 0
1.95124 186.839 0
1.95161 99.5687 0
1.95198 -26.3245 0
1.95234 -31.9945 0
1.95271 5.13649 0
1.95308 218.572 0
1.95345 99.3482 0
1.95382 248.286 0
1.95419 112.551 0
1.95455 -7.92628 0
1.95492 5.24984 0
1.95529 -3.94257 0
1.95566 19.8971 0
1.95603 15.6696 0
1.9564 79.6053 0
1.95677 35.3944 0
1.95714 148.37 0
1.95751 123.876 0
1.95788 126.013 0
1.95825 97.7835 0
1.95862 117.913 0
1.95899 112.085 0
1.95936 97.4048 0
1.95973 41.1446 0
1.9601 51.7323 0
1.96047 100.863 0
1.96084 129.551 0
1.96121 220.114 0
1.96158 201.12 0
1.96195 61.2672 0
1.96233 201.659 0
1.9627 174.885 0
1.96307 174.525 0
1.96344 197.744 0
1.96381 177.025 0
1.96419 298.937 0
1.96456 290.203 0
1.96493 160.789 0
1.9653 171.334 0
1.96568 260.639 0
1.96605 271.594 0
1.96642 347.877 0
1.9668 334.608 0
1.96717 145.608 0
1.96754 154.206 0
1.96792 237.211 0
1.96829 200.738 0
1.96866 -3.51865 0
1.96904 113.654 0
1.96941 226.294 0
1.96979 213.481 0
1.97016 13.866 0
1.97054 50.1882 0
1.97091 5.60561 0
1.97128 63.5076 0
1.97166 187.364 0
1.97204 109.828 0
1.97241 134.276 0
1.97279 180.907 0
1.97316 163.986 0
1.97354 15.1132 0
1.97391 76.0667 0
1.97429 163.634 0
1.97467 167.935 0
1.97504 238.154 0
1.97542 140.501 0
1.97579 73.7011 0
1.97617 139.855 0
1.97655 152.234 0
1.97693 98.6844 0
1.9773 290.347 0
1.97768 124.241 0
1.97806 95.3332 0
1.97844 125.064 0
1.97881 103.848 0
1.97919 139.554 0
1.97957 131.807 0
1.97995 116.16 0
1.98033 157.16 0
1.9807 30.5229 0
1.98108 142.652 0
1.98146 131.029 0
1.98184 233.904 0
1.98222 102.964 0
1.9826 161.045 0
1.98298 256.64 0
1.98336 137.978 0
1.98374 216.371 0
1.98412 109.364 0
1.9845 176.952 0
1.98488 171.614 0
1.98526 184.783 0
1.98564 114.461 0
1.98602 93.0328 0
1.9864 57.6551 0
1.98678 173.503 0
1.98716 227.501 0
1.98754 43.6561 0
1.98792 80.007 0
1.9883 176.046 0
1.98869 104.768 0
1.98907 177.35 0
1.98945 13.3266 0
1.98983 30.9281 0
1.99021 94.2571 0
1.9906 70.5352 0
1.99098 117.141 0
1.99136 161.014 0
1.99174 -19.4993 0
1.99213 21.6132 0
1.99251 74.9399 0
1.99289 40.4066 0
1.99328 67.2468 0
1.99366 111.592 0
1.99404 -21.8655 0
1.99443 57.9186 0
1.99481 -25.7322 0
1.9952 -30.554 0
1.99558 34.8409 0
1.99596 103.258 0
1.99635 -49.7123 0
1.99673 -52.2268 0
1.99712 8.08602 0
1.9975 99.6376 0
1.99789 95.0409 0
1.99827 19.567 0
1.99866 47.9538 0
1.99904 41.8596 0
1.99943 90.111 0
1.99982 162.312 0
2.0002 133.465 0
2.00059 93.381 0
2.00097 276.093 0
2.00136 348.151 0
2.00175 382.997 0
2.00213 553.551 0
2.00252 484.196 0
2.00291 527.154 0
2.00329 535.4 0
2.00368 560.553 0
2.00407 610.081 0
2.00446 631.694 0
2.00485 514.515 0
2.00523 465.93 0
2.00562 473.324 0
2.00601 453.258 0
2.0064 407.876 0
2.00679 273.006 0
2.00718 157.603 0
2.00756 64.8622 0
2.00795 118.272 0
2.00834 71.7454 0
2.00873 4.20296 0
2.00912 -46.4431 0
2.00951 63.3162 0
2.0099 111.943 0
2.01029 8.72324 0
2.01068 38.2179 0
2.01107 109.086 0
2.01146 32.9034 0
2.01185 4.87217 0
2.01224 27.0631 0
2.01263 28.3733 0
2.01302 91.9134 0
2.01341 140.773 0
2.01381 64.098 0
2.0142 -34.3404 0
2.01459 61.3858 0
2.01498 9.19467 0
2.01537 182.602 0
2.01576 82.8322 0
2.01616 -3.78398 0
2.01655 -34.8722 0
2.01694 42.3902 0
2.01733 42.3223 0
2.01773 12.3166 0
2.01812 79.9426 0
2.01851 44.881 0
2.01891 6.25572 0
2.0193 -28.7278 0
2.01969 69.5887 0
2.02009 41.8764 0
2.02048 79.9522 0
2.02087 134.947 0
2.02127 138.505 0
2.02166 28.7308 0
2.02206 62.7213 0
2.02245 103.746 0
2.02285 131.209 0
2.02324 153.556 0
2.02364 183.067 0
2.02403 244.021 0
2.02443 228.13 0
2.02482 268.1 0
2.02522 132.54 0
2.02561 144.263 0
2.02601 93.7119 0
2.02641 122.491 0
2.0268 197.559 0
2.0272 113.861 0
2.0276 225.545 0
2.02799 255.121 0
2.02839 108.6 0
2.02879 74.0789 0
2.02918 165.276 0
2.02958 99.593 0
2.02998 158.774 0
2.03038 57.0848 0
2.03077 148.126 0
2.03117 37.5621 0
2.03157 133.174 0
2.03197 67.0317 0
2.03237 67.0096 0
2.03277 109.461 0
2.03317 275.951 0
2.03356 190.597 0
2.03396 189.479 0
2.03436 220.303 0
2.03476 177.362 0
2.03516 116.529 0
2.03556 156.661 0
2.03596 162.513 0
2.03636 56.4743 0
2.03676 101.954 0
2.03716 26.736 0
2.03756 43.7384 0
2.03796 9.5996 0
2.03836 226.146 0
2.03877 177.068 0
2.03917 94.3062 0
2.03957 212.67 0
2.03997 55.463 0
2.04037 166.516 0
2.04077 95.0576 0
2.04117 114.665 0
2.04158 146.256 0
2.04198 143.961 0
2.04238 182.865 0
2.04278 218.101 0
2.04319 148.954 0
2.04359 231.19 0
2.04399 100.276 0
2.0444 75.5643 0
2.0448 266.021 0
2.0452 181.262 0
2.04561 98.7355 0
2.04601 189.362 0
2.04641 239.281 0
2.04682 219.356 0
2.04722 75.8359 0
2.04763 187.485 0
2.04803 114.002 0
2.04844 194.994 0
2.04884 328.199 0
2.04925 197.861 0
2.04965 143.531 0
2.05006 283.692 0
2.05046 276.722 0
2.05087 228.061 0
2.05128 41.4027 0
2.05168 134.465 0
2.05209 38.7238 0
2.05249 193.182 0
2.0529 246.134 0
2.05331 174.091 0
2.05371 153.037 0
2.05412 259.721 0
2.05453 44.9659 0
2.05494 255.029 0
2.05534 146.582 0
2.05575 37.2161 0
2.05616 168.484 0
2.05657 150.827 0
2.05698 161.866 0
2.05738 3.87744 0
2.05779 40.3969 0
2.0582 38.9648 0
2.05861 55.7081 0
2.05902 54.8197 0
2.05943 51.0593 0
2.05984 20.782 0
2.06025 22.3665 0
2.06066 -52.4589 0
2.06107 -35.2815 0
2.06148 56.9219 0
2.06189 117.06 0
2.0623 104.474 0
2.06271 25.0778 0
2.06312 80.2252 0
2.06353 47.0289 0
2.06394 65.0839 0
2.06435 75.1635 0
2.06476 119.569 0
2.06517 50.8746 0
2.06559 151.088 0
2.066 98.8351 0
2.06641 113.277 0
2.06682 77.2709 0
2.06723 41.4232 0
2.06765 124.884 0
2.06806 165.793 0
2.06847 120.25 0
2.06888 171.467 0
2.0693 98.6516 0
2.06971 25.8018 0
2.07012 178.513 0
2.07054 193.797 0
2.07095 223.419 0
2.07137 166.289 0
2.07178 251.321 0
2.07219 244.4 0
2.07261 238.689 0
2.07302 241.983 0
2.07344 68.5836 0
2.07385 86.1751 0
2.07427 78.0474 0
2.07468 167.884 0
2.0751 111.552 0
2.07551 26.8733 0
2.07593 93.6285 0
2.07635 131.688 0
2.07676 219.505 0
2.07718 222.399 0
2.0776 104.447 0
2.07801 37.6989 0
2.07843 -20.2126 0
2.07885 97.3891 0
2.07926 203.352 0
2.07968 57.3846 0
2.0801 63.9516 0
2.08051 32.8262 0
2.08093 74.9642 0
2.08135 236.41 0
2.08177 211.143 0
2.08219 68.1579 0
2.08261 80.4408 0
2.08302 25.7353 0
2.08344 63.3019 0
2.08386 249.628 0
2.08428 280.816 0
2.0847 229.742 0
2.08512 287.653 0
2.08554 274.737 0
2.08596 242.684 0
2.08638 217.008 0
2.0868 183.852 0
2.08722 174.388 0
2.08764 312.585 0
2.08806 157.917 0
2.08848 153.189 0
2.0889 260.226 0
2.08932 148.346 0
2.08974 143.174 0
2.09017 190.524 0
2.09059 250.484 0
2.09101 213.187 0
2.09143 49.8885 0
2.09185 109.398 0
2.09228 127.947 0
2.0927 146.937 0
2.09312 194.916 0
2.09354 205.219 0
2.09397 191.239 0
2.09439 121.822 0
2.09481 123.656 0
2.09524 37.3754 0
2.09566 164.921 0
2.09609 203.681 0
2.09651 81.295 0
2.09693 125.612 0
2.09736 214.494 0
2.09778 214.189 0
2.09821 98.9469 0
2.09863 150.888 0
2.09906 177.422 0
2.09948 155.963 0
2.09991 277.865 0
2.10033 125.749 0
2.10076 59.7422 0
2.10119 245.329 0
2.10161 220.496 0
2.10204 76.4809 0
2.10246 72.305 0
2.10289 18.6995 0
2.10332 -4.47994 0
2.10374 2.00532 0
2.10417 133.491 0
2.1046 66.6421 0
2.10503 38.9745 0
2.10545 41.6441 0
2.10588 64.1186 0
2.10631 192.852 0
2.10674 117.199 0
2.10717 24.6434 0
2.10759 13.2067 0
2.10802 25.1503 0
2.10845 67.5101 0
2.10888 64.5399 0
2.10931 71.5332 0
2.10974 113.882 0
2.11017 135.051 0
2.1106 125.88 0
2.11103 142.162 0
2.11146 18.8312 0
2.11189 -35.2268 0
2.11232 44.8275 0
2.11275 125.707 0
2.11318 119.501 0
2.11361 105.97 0
2.11404 27.2067 0
2.11448 99.0833 0
2.11491 152.584 0
2.11534 153.048 0
2.11577 200.051 0
2.1162 166.388 0
2.11663 98.5798 0
2.11707 131.066 0
2.1175 67.0224 0
2.11793 176.504 0
2.11837 193.948 0
2.1188 186.278 0
2.11923 134.691 0
2.11967 158.552 0
2.1201 124.898 0
2.12053 203.764 0
2.12097 232.395 0
2.1214 113.046 0
2.12184 185.361 0
2.12227 173.243 0
2.1227 220.009 0
2.12314 144.615 0
2.12357 128.704 0
2.12401 241.48 0
2.12445 292.918 0
2.12488 165.192 0
2.12532 156.584 0
2.12575 195.871 0
2.12619 148.185 0
2.12663 141.848 0
2.12706 75.9085 0
2.1275 159.758 0
2.12794 127.136 0
2.12837 133.3 0
2.12881 201.097 0
2.12925 173.623 0
2.12968 133.092 0
2.13012 213.731 0
2.13056 84.4921 0
2.131 273.221 0
2.13144 205.995 0
2.13188 236.191 0
2.13231 224.101 0
2.13275 187.28 0
2.13319 114.687 0
2.13363 233.311 0
2.13407 249.574 0
2.13451 239.901 0
2.13495 -4.56025 0
2.13539 116.752 0
2.13583 223.774 0
2.13627 200.781 0
2.13671 164.867 0
2.13715 210.882 0
2.13759 103.478 0
2.13803 208.417 0
2.13847 175.352 0
2.13892 182.237 0
2.13936 160.079 0
2.1398 58.5143 0
2.14024 148.129 0
2.14068 118.199 0
2.14112 86.8656 0
2.14157 198.162 0
2.14201 121.549 0
2.14245 15.2447 0
2.1429 51.4704 0
2.14334 52.1927 0
2.14378 79.6599 0
2.14423 114.787 0
2.14467 108.635 0
2.14511 54.3228 0
2.14556 123.91 0
2.146 133.919 0
2.14645 96.3905 0
2.14689 -23.8242 0
2.14734 16.8481 0
2.14778 91.1671 0
2.14823 -50.4713 0
2.14867 64.4814 0
2.14912 63.6173 0
2.14956 138.891 0
2.15001 33.9273 0
2.15046 54.8059 0
2.1509 62.3796 0
2.15135 200.31 0
2.15179 160.75 0
2.15224 137.762 0
2.15269 115.564 0
2.15314 89.549 0
2.15358 274.382 0
2.15403 125.438 0
2.15448 117.367 0
2.15493 35.8563 0
2.15538 119.503 0
2.15582 136.852 0
2.15627 102.961 0
2.15672 142.619 0
2.15717 124.397 0
2.15762 128.943 0
2.15807 245.448 0
2.15852 208.694 0
2.15897 151.797 0
2.15942 163.006 0
2.15987 128.784 0
2.16032 180.853 0
2.16077 173.806 0
2.16122 171.557 0
2.16167 123.56 0
2.16212 154.93 0
2.16257 276.756 0
2.16302 307.721 0
2.16347 236.646 0
2.16393 149.502 0
2.16438 111.95 0
2.16483 116.895 0
2.16528 323.983 0
2.16574 118.873 0
2.16619 67.7066 0
2.16664 126.358 0
2.16709 28.9625 0
2.16755 121.326 0
2.168 256.676 0
2.16845 165.476 0
2.16891 193.024 0
2.16936 24.5686 0
2.16982 54.2572 0
2.17027 94.6585 0
2.17073 130.804 0
2.17118 152.011 0
2.17164 150.824 0
2.17209 48.6208 0
2.17255 160.115 0
2.173 179.046 0
2.17346 126.467 0
2.17391 173.183 0
2.17437 106.999 0
2.17483 74.4504 0
2.17528 104.628 0
2.17574 40.2858 0
2.1762 201.718 0
2.17665 97.7396 0
2.17711 68.0621 0
2.17757 141.671 0
2.17803 16.0826 0
2.17848 74.5446 0
2.17894 169.928 0
2.1794 190.498 0
2.17986 104.321 0
2.18032 77.2889 0
2.18078 219.059 0
2.18123 192.859 0
2.18169 288.95 0
2.18215 135.33 0
2.18261 200.14 0
2.18307 131.102 0
2.18353 163.701 0
2.18399 164.769 0
2.18445 172.941 0
2.18491 94.435 0
2.18537 108.337 0
2.18584 160.126 0
2.1863 90.8285 0
2.18676 271.197 0
2.18722 239.989 0
2.18768 100.074 0
2.18814 228.131 0
2.1886 155.075 0
2.18907 64.8954 0
2.18953 129.262 0
2.18999 86.2146 0
2.19046 189.876 0
2.19092 143.855 0
2.19138 126.846 0
2.19185 180.107 0
2.19231 145.483 0
2.19277 52.2353 0
2.19324 104.727 0
2.1937 121.631 0
2.19417 119.986 0
2.19463 180.723 0
2.1951 147.085 0
2.19556 209.216 0
2.19603 321.04 0
2.19649 218.257 0
2.19696 142.363 0
2.19742 164.172 0
2.19789 94.857 0
2.19835 7.06212 0
2.19882 83.7191 0
2.19929 170.454 0
2.19975 195.132 0
2.20022 195.026 0
2.20069 115.437 0
2.20116 81.8352 0
2.20162 198.656 0
2.20209 55.7597 0
2.20256 81.4487 0
2.20303 96.6471 0
2.2035 120.786 0
2.20397 140.216 0
2.20443 145.298 0
2.2049 151.221 0
2.20537 202.09 0
2.20584 54.0606 0
2.20631 166.401 0
2.20678 57.7979 0
2.20725 82.871 0
2.20772 204.9 0
2.20819 155.215 0
2.20866 115.36 0
2.20913 70.6362 0
2.2096 71.2449 0
2.21008 156.378 0
2.21055 169.392 0
2.21102 259.437 0
2.21149 213.161 0
2.21196 232.012 0
2.21243 155.615 0
2.21291 171.229 0
2.21338 240.658 0
2.21385 171.671 0
2.21433 75.2816 0
2.2148 -0.648619 0
2.21527 262.071 0
2.21575 171.047 0
2.21622 97.0145 0
2.21669 1.84709 0
2.21717 47.1032 0
2.21764 170.392 0
2.21812 85.1278 0
2.21859 55.006 0
2.21907 13.1934 0
2.21954 107.455 0
2.22002 149.006 0
2.22049 186.856 0
2.22097 69.1958 0
2.22145 223.525 0
2.22192 136.756 0
2.2224 166.027 0
2.22288 248.66 0
2.22335 102.696 0
2.22383 76.1893 0
2.22431 90.5364 0
2.22478 70.7276 0
2.22526 67.5763 0
2.22574 79.8249 0
2.22622 152.137 0
2.2267 124.232 0
2.22717 245.174 0
2.22765 163.137 0
2.22813 200.458 0
2.22861 158.311 0
2.22909 -3.30633 0
2.22957 120.63 0
2.23005 119.959 0
2.23053 197.436 0
2.23101 121.627 0
2.23149 262.289 0
2.23197 131.539 0
2.23245 161.907 0
2.23293 138.493 0
2.23341 81.9542 0
2.2339 59.8231 0
2.23438 168.15 0
2.23486 266.546 0
2.23534 288.487 0
2.23582 251.365 0
2.23631 145.22 0
2.23679 215.475 0
2.23727 124.711 0
2.23776 257.219 0
2.23824 158.971 0
2.23872 87.3188 0
2.23921 212.332 0
2.23969 273.012 0
2.24017 183.807 0
2.24066 136.972 0
2.24114 75.9097 0
2.24163 60.8375 0
2.24211 82.102 0
2.2426 96.3625 0
2.24308 110.69 0
2.24357 77.3156 0
2.24405 70.8484 0
2.24454 12.3187 0
2.24503 148.265 0
2.24551 144.481 0
2.246 110.922 0
2.24649 135.726 0
2.24697 148.369 0
2.24746 129.318 0
2.24795 89.3642 0
2.24844 224.527 0
2.24892 342.302 0
2.24941 30.1391 0
2.2499 86.729 0
2.25039 177.447 0
2.25088 325.633 0
2.25137 197.842 0
2.25186 99.8669 0
2.25235 265.827 0
2.25284 183.055 0
2.25333 199.493 0
2.25382 128.877 0
2.25431 245.276 0
2.2548 152.752 0
2.25529 182.441 0
2.25578 247.991 0
2.25627 184.238 0
2.25676 137.548 0
2.25725 139.688 0
2.25774 141.567 0
2.25824 120.439 0
2.25873 122.506 0
2.25922 95.5384 0
2.25971 125.152 0
2.26021 135.237 0
2.2607 178.819 0
2.26119 127.465 0
2.26169 56.9461 0
2.26218 138.381 0
2.26267 50.7336 0
2.26317 -9.05128 0
2.26366 54.5819 0
2.26416 64.1556 0
2.26465 120.94 0
2.26515 180.206 0
2.26564 143.203 0
2.26614 98.3565 0
2.26663 99.6969 0
2.26713 116.331 0
2.26762 28.2789 0
2.26812 31.1579 0
2.26862 20.1285 0
2.26911 98.2261 0
2.26961 22.2019 0
2.27011 74.0159 0
2.27061 175.877 0
2.2711 138.084 0
2.2716 80.3722 0
2.2721 81.2047 0
2.2726 80.1066 0
2.2731 92.8742 0
2.27359 44.5991 0
2.27409 7.46728 0
2.27459 80.5905 0
2.27509 76.6779 0
2.27559 143.832 0
2.27609 174.459 0
2.27659 132.71 0
2.27709 80.9894 0
2.27759 102.13 0
2.27809 56.8427 0
2.27859 125.453 0
2.27909 160.715 0
2.2796 44.5031 0
2.2801 74.4982 0
2.2806 153.653 0
2.2811 124.945 0
2.2816 188.186 0
2.28211 212.075 0
2.28261 262.577 0
2.28311 207.74 0
2.28361 265.785 0
2.28412 243.694 0
2.28462 227.461 0
2.28513 314.492 0
2.28563 228.459 0
2.28613 271.458 0
2.28664 283.006 0
2.28714 120.014 0
2.28765 53.2521 0
2.28815 40.6866 0
2.28866 158.285 0
2.28916 111.997 0
2.28967 182.273 0
2.29018 117.181 0
2.29068 195.376 0
2.29119 193.446 0
2.29169 377.067 0
2.2922 232.125 0
2.29271 119.161 0
2.29322 193.129 0
2.29372 208.426 0
2.29423 197.225 0
2.29474 159.83 0
2.29525 189.533 0
2.29576 113.039 0
2.29627 179.187 0
2.29677 25.8074 0
2.29728 29.0917 0
2.29779 129.718 0
2.2983 216.671 0
2.29881 199.627 0
2.29932 207.197 0
2.29983 201.389 0
2.30034 205.82 0
2.30085 93.172 0
2.30136 101.245 0
2.30188 175.51 0
2.30239 175.762 0
2.3029 200.645 0
2.30341 66.6581 0
2.30392 139.175 0
2.30444 127.372 0
2.30495 29.0365 0
2.30546 101.685 0
2.30597 123.699 0
2.30649 65.9045 0
2.307 27.571 0
2.30751 35.0706 0
2.30803 88.1902 0
2.30854 69.8362 0
2.30906 72.6011 0
2.30957 83.3987 0
2.31009 16.5793 0
2.3106 -30.3291 0
2.31112 72.3454 0
2.31163 110.241 0
2.31215 51.6212 0
2.31266 152.453 0
2.31318 173.107 0
2.3137 102.315 0
2.31421 64.1719 0
2.31473 202.453 0
2.31525 32.8793 0
2.31576 66.421 0
2.31628 31.8565 0
2.3168 57.9068 0
2.31732 202.586 0
2.31784 104.294 0
2.31835 -68.2585 0
2.31887 139.28 0
2.31939 253.885 0
2.31991 238.132 0
2.32043 -16.6664 0
2.32095 190.086 0
2.32147 184.021 0
2.32199 16.9824 0
2.32251 145.509 0
2.32303 33.7565 0
2.32355 124.66 0
2.32407 187.931 0
2.3246 164.567 0
2.32512 85.2451 0
2.32564 258.322 0
2.32616 87.4979 0
2.32668 138.473 0
2.32721 168.713 0
2.32773 81.2297 0
2.32825 57.4936 0
2.32877 67.8548 0
2.3293 119.816 0
2.32982 163.258 0
2.33035 129.4 0
2.33087 153.185 0
2.33139 159.228 0
2.33192 44.9672 0
2.33244 174.731 0
2.33297 77.9233 0
2.33349 133.698 0
2.33402 182.564 0
2.33454 103.71 0
2.33507 7.47933 0
2.3356 30.1207 0
2.33612 131.575 0
2.33665 19.7096 0
2.33718 144.132 0
2.3377 155.735 0
2.33823 182.675 0
2.33876 110.671 0
2.33929 106.227 0
2.33982 213.168 0
2.34034 188.268 0
2.34087 211.233 0
2.3414 248.756 0
2.34193 180.753 0
2.34246 154.373 0
2.34299 145.915 0
2.34352 169.462 0
2.34405 147.486 0
2.34458 162.96 0
2.34511 189.654 0
2.34564 143.672 0
2.34617 147.356 0
2.3467 210.008 0
2.34724 228.051 0
2.34777 228.319 0
2.3483 193.953 0
2.34883 132.984 0
2.34936 109.954 0
2.3499 213.704 0
2.35043 117.068 0
2.35096 205.611 0
2.3515 37.1173 0
2.35203 140.472 0
2.35256 176.004 0
2.3531 96.6953 0
2.35363 121.333 0
2.35417 173.121 0
2.3547 270.356 0
2.35524 117.445 0
2.35577 173.011 0
2.35631 187.549 0
2.35684 170.201 0
2.35738 78.86 0
2.35792 221.547 0
2.35845 81.242 0
2.35899 12.5844 0
2.35953 42.9691 0
2.36006 23.1983 0
2.3606 143.539 0
2.36114 109.912 0
2.36168 5.75951 0
2.36222 81.2927 0
2.36276 166.978 0
2.36329 176.062 0
2.36383 62.639 0
2.36437 135.563 0
2.36491 120.656 0
2.36545 68.876 0
2.36599 93.1054 0
2.36653 166.284 0
2.36707 76.3715 0
2.36761 139.738 0
2.36815 85.5441 0
2.3687 67.4933 0
2.36924 99.4819 0
2.36978 37.1491 0
2.37032 47.0578 0
2.37086 114.768 0
2.37141 77.7654 0
2.37195 163.789 0
2.37249 133.705 0
2.37304 103.815 0
2.37358 76.4353 0
2.37412 84.9641 0
2.37467 41.3748 0
2.37521 216.906 0
2.37576 124.312 0
2.3763 172.254 0
2.37685 166.537 0
2.37739 127.279 0
2.37794 204.38 0
2.37848 292.305 0
2.37903 162.421 0
2.37957 109.837 0
2.38012 149.436 0
2.38067 157.626 0
2.38121 68.3706 0
2.38176 47.2874 0
2.38231 137.136 0
2.38286 24.6804 0
2.3834 133.434 0
2.38395 106.363 0
2.3845 157.449 0
2.38505 132.688 0
2.3856 154.023 0
2.38615 120.188 0
2.3867 67.1475 0
2.38725 86.3867 0
2.3878 62.4931 0
2.38835 -17.0713 0
2.3889 118.748 0
2.38945 212.73 0
2.39 229.092 0
2.39055 60.1021 0
2.3911 164.976 0
2.39166 143.054 0
2.39221 211.382 0
2.39276 266.877 0
2.39331 305.466 0
2.39387 205.481 0
2.39442 79.9609 0
2.39497 199.399 0
2.39553 192.772 0
2.39608 95.1613 0
2.39663 114.808 0
2.39719 117.103 0
2.39774 154.464 0
2.3983 102.576 0
2.39885 217.955 0
2.39941 171.67 0
2.39996 105.75 0
2.40052 141.86 0
2.40108 349.154 0
2.40163 275.666 0
2.40219 137.989 0
2.40275 226.363 0
2.4033 293.453 0
2.40386 112.316 0
2.40442 87.4512 0
2.40498 153.596 0
2.40553 70.5581 0
2.40609 120.946 0
2.40665 217.049 0
2.40721 70.0258 0
2.40777 88.253 0
2.40833 170.858 0
2.40889 324.107 0
2.40945 248.51 0
2.41001 118.095 0
2.41057 143.734 0
2.41113 112.671 0
2.41169 -11.838 0
2.41225 191.136 0
2.41282 118.003 0
2.41338 243.478 0
2.41394 3.87607 0
2.4145 214.774 0
2.41507 110.424 0
2.41563 189.869 0
2.41619 214.831 0
2.41675 199.893 0
2.41732 161.791 0
2.41788 104.802 0
2.41845 26.2935 0
2.41901 127.529 0
2.41958 99.9986 0
2.42014 -5.41677 0
2.42071 61.2187 0
2.42127 75.9125 0
2.42184 175.329 0
2.4224 93.7852 0
2.42297 32.7578 0
2.42354 130.716 0
2.4241 96.7336 0
2.42467 142.418 0
2.42524 178.44 0
2.42581 69.5836 0
2.42637 138.288 0
2.42694 108.958 0
2.42751 -2.87679 0
2.42808 31.736 0
2.42865 136.661 0
2.42922 182.744 0
2.42979 180.674 0
2.43036 27.1525 0
2.43093 164.784 0
2.4315 104.657 0
2.43207 158.307 0
2.43264 205.159 0
2.43321 252.087 0
2.43378 220.103 0
2.43435 210.396 0
2.43493 202.628 0
2.4355 345.024 0
2.43607 224.99 0
2.43664 170.007 0
2.43722 210.32 0
2.43779 234.727 0
2.43836 223.298 0
2.43894 174.134 0
2.43951 183.641 0
2.44009 121.089 0
2.44066 98.3028 0
2.44124 112.124 0
2.44181 92.1435 0
2.44239 116.175 0
2.44296 76.3741 0
2.44354 104.721 0
2.44411 28.0309 0
2.44469 4.56162 0
2.44527 111.707 0
2.44584 -4.15751 0
2.44642 92.841 0
2.447 65.5701 0
2.44758 160.35 0
2.44816 139.563 0
2.44873 83.5971 0
2.44931 233.813 0
2.44989 245.955 0
2.45047 193.282 0
2.45105 175.095 0
2.45163 67.7886 0
2.45221 128.987 0
2.45279 175.373 0
2.45337 49.9803 0
2.45395 129.883 0
2.45453 195.47 0
2.45512 208.76 0
2.4557 291.331 0
2.45628 49.7232 0
2.45686 192.327 0
2.45744 176.717 0
2.45803 168.765 0
2.45861 282.899 0
2.45919 126.221 0
2.45978 274.225 0
2.46036 316.926 0
2.46095 284.19 0
2.46153 161.441 0
2.46212 100.105 0
2.4627 185.751 0
2.46329 166.191 0
2.46387 37.8028 0
2.46446 65.0556 0
2.46504 136.682 0
2.46563 143.282 0
2.46622 106.838 0
2.4668 139.616 0
2.46739 73.0464 0
2.46798 125.275 0
2.46857 170.389 0
2.46916 76.3079 0
2.46974 205.835 0
2.47033 87.8939 0
2.47092 105.458 0
2.47151 185.033 0
2.4721 125.236 0
2.47269 154.828 0
2.47328 212.566 0
2.47387 110.994 0
2.47446 43.2928 0
2.47505 16.6631 0
2.47564 -7.1355 0
2.47624 60.6878 0
2.47683 169.902 0
2.47742 -22.5623 0
2.47801 -2.72052 0
2.4786 75.3043 0
2.4792 -6.22774 0
2.47979 116.117 0
2.48038 225.236 0
2.48098 178.22 0
2.48157 200.993 0
2.48217 261.466 0
2.48276 209.432 0
2.48336 200.371 0
2.48395 162.138 0
2.48455 73.3693 0
2.48514 213.482 0
2.48574 140.228 0
2.48634 177.518 0
2.48693 196.972 0
2.48753 111.158 0
2.48813 113.149 0
2.48872 143.22 0
2.48932 261.99 0
2.48992 196.146 0
2.49052 31.2841 0
2.49112 150.658 0
2.49172 173.273 0
2.49231 179.546 0
2.49291 203.342 0
2.49351 128.629 0
2.49411 85.1679 0
2.49471 159.374 0
2.49532 156.682 0
2.49592 136.129 0
2.49652 220.883 0
2.49712 32.0133 0
2.49772 135.92 0
2.49832 76.2326 0
2.49893 93.6867 0
2.49953 88.5289 0
2.50013 63.5471 0
2.50073 197.847 0
2.50134 187.42 0
2.50194 123.739 0
2.50255 104.032 0
2.50315 321.65 0
2.50376 321.137 0
2.50436 63.413 0
2.50497 98.9117 0
2.50557 186.596 0
2.50618 232.993 0
2.50678 222.127 0
2.50739 43.8348 0
2.508 134.6 0
2.5086 191.217 0
2.50921 199.525 0
2.50982 185.51 0
2.51043 258.248 0
2.51104 228.275 0
2.51164 116.815 0
2.51225 120.059 0
2.51286 160.795 0
2.51347 233.445 0
2.51408 142.375 0
2.51469 53.6099 0
2.5153 139.704 0
2.51591 172.937 0
2.51652 215.691 0
2.51713 101.893 0
2.51775 45.416 0
2.51836 109.887 0
2.51897 74.6142 0
2.51958 247.698 0
2.5202 256.97 0
2.52081 197.159 0
2.52142 182.367 0
2.52204 150.587 0
2.52265 73.2924 0
2.52326 54.9172 0
2.52388 172.736 0
2.52449 111.367 0
2.52511 92.1033 0
2.52572 197.611 0
2.52634 -52.2695 0
2.52696 45.4847 0
2.52757 125.943 0
2.52819 47.9531 0
2.52881 -59.5356 0
2.52942 -12.3743 0
2.53004 -12.723 0
2.53066 27.8003 0
2.53128 53.5994 0
2.53189 140.692 0
2.53251 75.4056 0
2.53313 100.98 0
2.53375 145.281 0
2.53437 244.77 0
2.53499 53.0376 0
2.53561 192.241 0
2.53623 147.415 0
2.53685 202.536 0
2.53747 96.6939 0
2.5381 90.9287 0
2.53872 260.74 0
2.53934 253.951 0
2.53996 180.27 0
2.54058 106.816 0
2.54121 157.629 0
2.54183 71.2312 0
2.54245 221.615 0
2.54308 232.933 0
2.5437 146.16 0
2.54433 192.36 0
2.54495 148.175 0
2.54558 107.683 0
2.5462 182.784 0
2.54683 265.298 0
2.54745 283.765 0
2.54808 179.719 0
2.54871 246.565 0
2.54933 262.606 0
2.54996 238.255 0
2.55059 113.704 0
2.55122 176.662 0
2.55185 166.494 0
2.55247 116.724 0
2.5531 123.78 0
2.55373 227.62 0
2.55436 172.409 0
2.55499 171.78 0
2.55562 179.607 0
2.55625 111.18 0
2.55688 139.117 0
2.55751 68.9513 0
2.55814 138.992 0
2.55878 -18.5278 0
2.55941 141.875 0
2.56004 158.863 0
2.56067 67.2671 0
2.56131 72.3907 0
2.56194 181.212 0
2.56257 88.2564 0
2.56321 60.3159 0
2.56384 139.606 0
2.56448 69.7599 0
2.56511 136.842 0
2.56575 -10.1 0
2.56638 148.889 0
2.56702 183.647 0
2.56765 54.9098 0
2.56829 95.1819 0
2.56893 48.15 0
2.56956 146.828 0
2.5702 186.904 0
2.57084 282.894 0
2.57148 94.5174 0
2.57211 157.849 0
2.57275 112.205 0
2.57339 49.371 0
2.57403 203.343 0
2.57467 206.29 0
2.57531 54.8721 0
2.57595 62.0598 0
2.57659 140.878 0
2.57723 238.311 0
2.57787 184.726 0
2.57851 190.004 0
2.57915 52.0992 0
2.5798 94.9291 0
2.58044 229.876 0
2.58108 69.5984 0
2.58173 30.0671 0
2.58237 73.7531 0
2.58301 85.6087 0
2.58366 134.87 0
2.5843 134.541 0
2.58495 164.108 0
2.58559 208.932 0
2.58624 7.96106 0
2.58688 91.0186 0
2.58753 145.118 0
2.58817 109.007 0
2.58882 116.927 0
2.58947 103.69 0
2.59011 137.232 0
2.59076 127.763 0
2.59141 86.7719 0
2.59206 115.031 0
2.59271 179.193 0
2.59335 57.2539 0
2.594 98.2208 0
2.59465 20.7933 0
2.5953 73.6275 0
2.59595 84.6186 0
2.5966 189.5 0
2.59725 165.059 0
2.59791 92.4121 0
2.59856 141.312 0
2.59921 111.353 0
2.59986 10.5324 0
2.60051 180.859 0
2.60117 253.186 0
2.60182 214.888 0
2.60247 155.433 0
2.60313 92.9089 0
2.60378 97.1911 0
2.60443 30.6366 0
2.60509 159.071 0
2.60574 102.644 0
2.6064 192.468 0
2.60706 288.889 0
2.60771 248.536 0
2.60837 225.331 0
2.60902 35.9824 0
2.60968 82.1773 0
2.61034 64.3208 0
2.611 192.826 0
2.61165 69.1425 0
2.61231 66.6342 0
2.61297 182.307 0
2.61363 159.309 0
2.61429 82.2092 0
2.61495 180.68 0
2.61561 159.233 0
2.61627 159.031 0
2.61693 178.551 0
2.61759 273.03 0
2.61825 235.204 0
2.61891 172.623 0
2.61958 107.414 0
2.62024 82.8242 0
2.6209 187.018 0
2.62156 108.735 0
2.62223 72.6054 0
2.62289 89.5735 0
2.62356 68.297 0
2.62422 92.3888 0
2.62488 -15.9917 0
2.62555 115.667 0
2.62622 82.7376 0
2.62688 143.285 0
2.62755 142.787 0
2.62821 67.9743 0
2.62888 154.819 0
2.62955 145.944 0
2.63021 105.927 0
2.63088 191.086 0
2.63155 200.906 0
2.63222 135.777 0
2.63289 -83.156 0
2.63356 47.0367 0
2.63423 161.678 0
2.6349 94.3913 0
2.63557 176.822 0
2.63624 173.282 0
2.63691 249.6 0
2.63758 69.9203 0
2.63825 -6.39819 0
2.63892 148.191 0
2.63959 123.398 0
2.64027 239.78 0
2.64094 211.703 0
2.64161 223.475 0
2.64229 176.021 0
2.64296 188.967 0
2.64363 70.4007 0
2.64431 172.673 0
2.64498 150.378 0
2.64566 41.6812 0
2.64633 -7.01285 0
2.64701 76.6203 0
2.64769 -3.05971 0
2.64836 116.578 0
2.64904 6.68101 0
2.64972 64.1619 0
2.6504 -24.397 0
2.65107 138.426 0
2.65175 101.39 0
2.65243 59.6121 0
2.65311 144.758 0
2.65379 157.929 0
2.65447 172.522 0
2.65515 59.0565 0
2.65583 73.2448 0
2.65651 157.122 0
2.65719 82.0557 0
2.65787 154.297 0
2.65855 122.254 0
2.65924 221.372 0
2.65992 149.65 0
2.6606 155.984 0
2.66129 136.476 0
2.66197 239.909 0
2.66265 252.124 0
2.66334 144.263 0
2.66402 221.569 0
2.66471 119.842 0
2.66539 72.9445 0
2.66608 206.328 0
2.66676 288.557 0
2.66745 231.255 0
2.66814 74.939 0
2.66882 207.866 0
2.66951 82.7677 0
2.6702 89.1058 0
2.67089 131.258 0
2.67158 149.223 0
2.67227 227.54 0
2.67295 126.027 0
2.67364 190.772 0
2.67433 53.9958 0
2.67502 27.8315 0
2.67572 225.388 0
2.67641 140.328 0
2.6771 145.315 0
2.67779 212.04 0
2.67848 160.84 0
2.67917 93.6907 0
2.67987 107.787 0
2.68056 257.976 0
2.68125 232.1 0
2.68195 38.3241 0
2.68264 -34.5626 0
2.68334 6.8411 0
2.68403 47.3521 0
2.68473 55.0507 0
2.68542 112.209 0
2.68612 40.877 0
2.68681 9.46292 0
2.68751 62.0434 0
2.68821 121.706 0
2.68891 105.305 0
2.6896 155.099 0
2.6903 195.746 0
2.691 189.128 0
2.6917 145.455 0
2.6924 35.7868 0
2.6931 71.1666 0
2.6938 58.2264 0
2.6945 88.8115 0
2.6952 42.8602 0
2.6959 26.7095 0
2.6966 128.348 0
2.6973 65.9493 0
2.69801 52.0692 0
2.69871 204.494 0
2.69941 223.384 0
2.70012 204.992 0
2.70082 99.3251 0
2.70152 157.171 0
2.70223 170.03 0
2.70293 81.1582 0
2.70364 11.6369 0
2.70434 195.422 0
2.70505 172.345 0
2.70576 265.524 0
2.70646 149.903 0
2.70717 229.146 0
2.70788 91.742 0
2.70858 244.432 0
2.70929 217.672 0
2.71 155.445 0
2.71071 210.745 0
2.71142 262.581 0
2.71213 129.979 0
2.71284 186.259 0
2.71355 266.715 0
2.71426 16.37 0
2.71497 133.212 0
2.71568 94.1683 0
2.71639 141.793 0
2.71711 121.695 0
2.71782 0.0969262 0
2.71853 127.446 0
2.71925 226.423 0
2.71996 106.99 0
2.72067 24.3447 0
2.72139 20.1523 0
2.7221 134.716 0
2.72282 253.176 0
2.72353 189.249 0
2.72425 285.921 0
2.72497 253.733 0
2.72568 97.6663 0
2.7264 8.65393 0
2.72712 126.3 0
2.72783 157.388 0
2.72855 187.542 0
2.72927 113.754 0
2.72999 135.383 0
2.73071 60.2705 0
2.73143 108.833 0
2.73215 203.173 0
2.73287 100.083 0
2.73359 84.5078 0
2.73431 101.196 0
2.73503 55.7096 0
2.73576 73.7019 0
2.73648 325.577 0
2.7372 231.006 0
2.73792 121.286 0
2.73865 117.247 0
2.73937 70.4964 0
2.7401 174.008 0
2.74082 131.335 0
2.74155 110.934 0
2.74227 139.623 0
2.743 79.7258 0
2.74372 189.522 0
2.74445 206.311 0
2.74518 174.951 0
2.7459 186.954 0
2.74663 112.112 0
2.74736 212.262 0
2.74809 225.11 0
2.74882 85.5902 0
2.74955 -74.5693 0
2.75028 300.105 0
2.75101 164.669 0
2.75174 37.1467 0
2.75247 167.067 0
2.7532 187.896 0
2.75393 97.1025 0
2.75466 156.247 0
2.7554 128.539 0
2.75613 73.752 0
2.75686 -10.5555 0
2.7576 130.407 0
2.75833 63.126 0
2.75906 -3.75309 0
2.7598 140.161 0
2.76053 96.8655 0
2.76127 93.6514 0
2.76201 13.122 0
2.76274 11.7043 0
2.76348 22.715 0
2.76422 54.8555 0
2.76495 153.043 0
2.76569 171.096 0
2.76643 147.074 0
2.76717 112.717 0
2.76791 124.043 0
2.76865 258.154 0
2.76939 270.291 0
2.77013 110.538 0
2.77087 236.558 0
2.77161 266.073 0
2.77235 315.811 0
2.77309 204.12 0
2.77383 137.956 0
2.77458 265.341 0
2.77532 237.52 0
2.77606 308.446 0
2.77681 191.427 0
2.77755 236.629 0
2.7783 233.109 0
2.77904 180.726 0
2.77979 229.594 0
2.78053 190.011 0
2.78128 117.339 0
2.78203 152.537 0
2.78277 80.4199 0
2.78352 117.551 0
2.78427 57.4434 0
2.78502 94.9257 0
2.78576 105.194 0
2.78651 243.986 0
2.78726 40.0248 0
2.78801 166.676 0
2.78876 180.24 0
2.78951 185.727 0
2.79027 111.418 0
2.79102 159.67 0
2.79177 275.444 0
2.79252 355.44 0
2.79327 137.244 0
2.79403 164.943 0
2.79478 124.936 0
2.79553 178.327 0
2.79629 140.99 0
2.79704 40.7189 0
2.7978 142.91 0
2.79855 144.034 0
2.79931 81.1513 0
2.80007 111.538 0
2.80082 101.243 0
2.80158 118.139 0
2.80234 89.8709 0
2.8031 195.962 0
2.80385 221.339 0
2.80461 166.841 0
2.80537 165.841 0
2.80613 180.677 0
2.80689 293.396 0
2.80765 239.805 0
2.80841 132.709 0
2.80917 239.716 0
2.80994 181.258 0
2.8107 196.125 0
2.81146 186.533 0
2.81222 91.1634 0
2.81299 86.4502 0
2.81375 103.594 0
2.81452 174.474 0
2.81528 92.5579 0
2.81604 145.033 0
2.81681 54.7352 0
2.81758 154.549 0
2.81834 152.133 0
2.81911 184.995 0
2.81988 223.12 0
2.82064 22.0373 0
2.82141 82.7536 0
2.82218 175.062 0
2.82295 0.964559 0
2.82372 156.324 0
2.82449 207.861 0
2.82526 89.4444 0
2.82603 175.441 0
2.8268 67.9644 0
2.82757 131.015 0
2.82834 225.581 0
2.82911 158.28 0
2.82989 132.624 0
2.83066 47.1372 0
2.83143 138.04 0
2.83221 117.728 0
2.83298 182.078 0
2.83376 117.865 0
2.83453 174.169 0
2.83531 147.336 0
2.83608 78.8883 0
2.83686 152.477 0
2.83764 185.093 0
2.83841 179.822 0
2.83919 159.776 0
2.83997 76.4665 0
2.84075 258.46 0
2.84153 61.7378 0
2.84231 275.583 0
2.84308 200.72 0
2.84387 149.924 0
2.84465 115.375 0
2.84543 27.0179 0
2.84621 295.285 0
2.84699 293.229 0
2.84777 188.183 0
2.84856 81.6651 0
2.84934 137.529 0
2.85012 17.2979 0
2.85091 54.4676 0
2.85169 72.7345 0
2.85248 90.6111 0
2.85326 97.2308 0
2.85405 203.751 0
2.85483 84.4476 0
2.85562 -38.9115 0
2.85641 244.986 0
2.85719 200.253 0
2.85798 199.774 0
2.85877 241.52 0
2.85956 203.544 0
2.86035 238.713 0
2.86114 319.532 0
2.86193 231.817 0
2.86272 177.61 0
2.86351 180.75 0
2.8643 259.624 0
2.86509 62.2543 0
2.86589 132.283 0
2.86668 101.876 0
2.86747 111.829 0
2.86827 40.1235 0
2.86906 102.461 0
2.86985 243.422 0
2.87065 319.544 0
2.87144 64.6359 0
2.87224 64.8669 0
2.87304 109.557 0
2.87383 94.9707 0
2.87463 91.7533 0
2.87543 199.365 0
2.87623 126.266 0
2.87703 103.783 0
2.87782 4.63569 0
2.87862 132.183 0
2.87942 153.399 0
2.88022 122.591 0
2.88102 202.701 0
2.88183 198.171 0
2.88263 186.078 0
2.88343 190.734 0
2.88423 181.906 0
2.88503 185.502 0
2.88584 136.447 0
2.88664 273.675 0
2.88745 156.25 0
2.88825 117.452 0
2.88906 61.8272 0
2.88986 134.534 0
2.89067 201.517 0
2.89147 105.661 0
2.89228 112.847 0
2.89309 207.365 0
2.8939 58.037 0
2.89471 103.562 0
2.89551 71.7507 0
2.89632 111.958 0
2.89713 42.2721 0
2.89794 66.7004 0
2.89875 133.236 0
2.89956 141.399 0
2.90038 56.0782 0
2.90119 65.6813 0
2.902 -89.7717 0
2.90281 62.48 0
2.90363 105.573 0
2.90444 87.3488 0
2.90526 113.373 0
2.90607 107.729 0
2.90688 37.2504 0
2.9077 186.294 0
2.90852 132.721 0
2.90933 172.086 0
2.91015 207.827 0
2.91097 99.2684 0
2.91179 143.352 0
2.9126 115.383 0
2.91342 -17.6782 0
2.91424 152.8 0
2.91506 245.9 0
2.91588 145.381 0
2.9167 98.2731 0
2.91752 76.6263 0
2.91835 96.702 0
2.91917 74.5938 0
2.91999 72.0756 0
2.92081 34.4085 0
2.92164 211.142 0
2.92246 185.841 0
2.92328 321.84 0
2.92411 274.485 0
2.92493 137.032 0
2.92576 44.1066 0
2.92659 101.044 0
2.92741 129.896 0
2.92824 149.531 0
2.92907 69.0462 0
2.9299 60.5647 0
2.93073 199.705 0
2.93155 176.218 0
2.93238 233.892 0
2.93321 188.372 0
2.93404 111.921 0
2.93488 99.5309 0
2.93571 111.631 0
2.93654 107.519 0
2.93737 129.176 0
2.9382 112.336 0
2.93904 243.096 0
2.93987 222.667 0
2.94071 75.6569 0
2.94154 27.7438 0
2.94237 139.298 0
2.94321 178.62 0
2.94405 53.5762 0
2.94488 167.723 0
2.94572 71.4939 0
2.94656 142.648 0
2.9474 63.5829 0
2.94823 9.05635 0
2.94907 240.238 0
2.94991 114.079 0
2.95075 188.533 0
2.95159 62.5182 0
2.95243 278.169 0
2.95328 72.3311 0
2.95412 42.4213 0
2.95496 160.324 0
2.9558 208.119 0
2.95665 108.092 0
2.95749 178.369 0
2.95833 10.8712 0
2.95918 79.7846 0
2.96002 73.3789 0
2.96087 216.944 0
2.96172 124.164 0
2.96256 75.6095 0
2.96341 191.483 0
2.96426 146.045 0
2.96511 101.556 0
2.96595 70.7744 0
2.9668 120.678 0
2.96765 148.816 0
2.9685 168.024 0
2.96935 186.912 0
2.9702 85.1179 0
2.97106 100.881 0
2.97191 85.6268 0
2.97276 92.5795 0
2.97361 166.062 0
2.97447 9.54544 0
2.97532 -10.6265 0
2.97618 108.158 0
2.97703 129.335 0
2.97789 40.3572 0
2.97874 75.4991 0
2.9796 127.21 0
2.98046 130.711 0
2.98131 82.6536 0
2.98217 197.838 0
2.98303 105.532 0
2.98389 110.352 0
2.98475 205.19 0
2.98561 199.059 0
2.98647 91.3088 0
2.98733 94.3444 0
2.98819 221.186 0
2.98905 82.0481 0
2.98991 164.411 0
2.99078 167.449 0
2.99164 122.313 0
2.9925 163.492 0
2.99337 209.721 0
2.99423 154.523 0
2.9951 106.779 0
2.99597 275.393 0
2.99683 153.7 0
2.9977 49.2447 0
2.99857 112.022 0
2.99943 192.325 0
3.0003 51.5645 0
3.00117 30.0498 0
3.00204 38.6196 0
3.00291 119.492 0
3.00378 175.168 0
3.00465 152.462 0
3.00552 200.439 0
3.0064 237.538 0
3.00727 176.852 0
3.00814 141.034 0
3.00901 180.326 0
3.00989 169.117 0
3.01076 149.402 0
3.01164 189.465 0
3.01251 92.4821 0
3.01339 217.365 0
3.01427 241.132 0
3.01514 293.659 0
3.01602 136.478 0
3.0169 153.271 0
3.01778 216.172 0
3.01866 164.423 0
3.01954 176.354 0
3.02042 108.155 0
3.0213 57.9114 0
3.02218 146.706 0
3.02306 27.1029 0
3.02394 185.902 0
3.02482 93.512 0
3.02571 183.817 0
3.02659 94.9247 0
3.02747 25.9834 0
3.02836 107.871 0
3.02924 63.8241 0
3.03013 105.49 0
3.03102 47.1158 0
3.0319 33.6877 0
3.03279 94.0421 0
3.03368 90.2027 0
3.03457 194.265 0
3.03546 60.9881 0
3.03634 32.1533 0
3.03723 88.1859 0
3.03813 177.501 0
3.03902 152.444 0
3.03991 99.6089 0
3.0408 123.603 0
3.04169 124.836 0
3.04259 189.117 0
3.04348 335.515 0
3.04437 136.546 0
3.04527 61.134 0
3.04616 173.206 0
3.04706 148.658 0
3.04795 139.068 0
3.04885 154.691 0
3.04975 135.474 0
3.05065 51.2744 0
3.05154 14.5136 0
3.05244 84.3955 0
3.05334 100.887 0
3.05424 89.6955 0
3.05514 17.6481 0
3.05604 97.3269 0
3.05695 12.0536 0
3.05785 92.8894 0
3.05875 205.821 0
3.05965 255.94 0
3.06056 49.3452 0
3.06146 168.166 0
3.06237 234.29 0
3.06327 99.5986 0
3.06418 11.556 0
3.06508 211.54 0
3.06599 149.902 0
3.0669 43.3831 0
3.0678 28.116 0
3.06871 159.698 0
3.06962 47.5367 0
3.07053 201.886 0
3.07144 233.296 0
3.07235 307.67 0
3.07326 225.506 0
3.07418 217.375 0
3.07509 236.442 0
3.076 201.937 0
3.07691 207.075 0
3.07783 75.5576 0
3.07874 71.4217 0
3.07966 144.238 0
3.08057 168.888 0
3.08149 103.592 0
3.0824 127.427 0
3.08332 80.8152 0
3.08424 39.7955 0
3.08516 129.218 0
3.08608 115.157 0
3.087 43.1887 0
3.08792 164.769 0
3.08884 273.854 0
3.08976 220.566 0
3.09068 261.358 0
3.0916 134.425 0
3.09252 54.4413 0
3.09345 101.366 0
3.09437 -45.3252 0
3.09529 63.3399 0
3.09622 192.658 0
3.09714 137.375 0
3.09807 88.2536 0
3.099 99.6124 0
3.09992 90.5072 0
3.10085 113.471 0
3.10178 211.123 0
3.10271 54.3395 0
3.10364 244.925 0
3.10457 223.672 0
3.1055 83.771 0
3.10643 32.6107 0
3.10736 41.0239 0
3.10829 163.371 0
3.10922 148.027 0
3.11016 11.8163 0
3.11109 71.3732 0
3.11203 158.219 0
3.11296 202.223 0
3.1139 182.493 0
3.11483 204.594 0
3.11577 150.146 0
3.11671 69.1911 0
3.11764 99.276 0
3.11858 24.264 0
3.11952 65.4464 0
3.12046 88.8676 0
3.1214 159.937 0
3.12234 105.047 0
3.12328 121.382 0
3.12422 117.239 0
3.12516 12.5469 0
3.12611 203.508 0
3.12705 221.882 0
3.12799 51.1547 0
3.12894 -62.3374 0
3.12988 56.2731 0
3.13083 157.091 0
3.13178 57.3244 0
3.13272 22.3763 0
3.13367 66.7098 0
3.13462 132.582 0
3.13557 111.661 0
3.13651 131.857 0
3.13746 19.8161 0
3.13841 -18.9484 0
3.13937 72.6639 0
3.14032 72.4249 0
3.14127 102.2 0
3.14222 66.2356 0
3.14317 74.9905 0
3.14413 235.553 0
3.14508 276.575 0
3.14604 38.4244 0
3.14699 39.6309 0
3.14795 -56.7428 0
3.1489 132.395 0
3.14986 87.4625 0
3.15082 113.901 0
3.15178 71.345 0
3.15274 148.404 0
3.1537 85.8913 0
3.15466 11.6532 0
3.15562 28.0965 0
3.15658 46.5626 0
3.15754 35.6312 0
3.1585 130.704 0
3.15946 138.081 0
3.16043 117.895 0
3.16139 192.437 0
3.16236 274.062 0
3.16332 164.409 0
3.16429 240.198 0
3.16525 263.445 0
3.16622 334.492 0
3.16719 133.331 0
3.16816 179.037 0
3.16913 185.829 0
3.1701 263.665 0
3.17107 116.196 0
3.17204 152.239 0
3.17301 191.849 0
3.17398 147.917 0
3.17495 16.436 0
3.17593 67.5432 0
3.1769 335.025 0
3.17787 99.968 0
3.17885 169.581 0
3.17982 170.06 0
3.1808 268.336 0
3.18178 160.929 0
3.18275 201.215 0
3.18373 115.014 0
3.18471 253.666 0
3.18569 231.014 0
3.18667 180.798 0
3.18765 120.783 0
3.18863 192.484 0
3.18961 236.332 0
3.19059 240.215 0
3.19158 160.66 0
3.19256 237.847 0
3.19354 175.85 0
3.19453 299.381 0
3.19551 301.126 0
3.1965 225.623 0
3.19748 197.082 0
3.19847 95.4271 0
3.19946 292.089 0
3.20045 218.026 0
3.20143 173.755 0
3.20242 234.962 0
3.20341 191.812 0
3.2044 196.917 0
3.2054 180.925 0
3.20639 190.665 0
3.20738 105.643 0
3.20837 129.318 0
3.20937 235.366 0
3.21036 181.375 0
3.21136 69.4286 0
3.21235 182.07 0
3.21335 159.806 0
3.21434 247.172 0
3.21534 175.996 0
3.21634 185.014 0
3.21734 180.021 0
3.21834 161.621 0
3.21934 259.688 0
3.22034 145.429 0
3.22134 13.4949 0
3.22234 147.289 0
3.22334 141.213 0
3.22434 132.18 0
3.22535 -23.487 0
3.22635 0.870712 0
3.22736 112.405 0
3.22836 60.6181 0
3.22937 82.3618 0
3.23038 141.737 0
3.23138 101.685 0
3.23239 20.4363 0
3.2334 -32.573 0
3.23441 -44.7661 0
3.23542 22.9325 0
3.23643 39.8778 0
3.23744 -49.4995 0
3.23845 -21.8982 0
3.23946 54.9864 0
3.24048 2.05951 0
3.24149 -49.0314 0
3.2425 -199.597 0
3.24352 -101.912 0
3.24453 -135.005 0
3.24555 -116.43 0
3.24657 -85.1792 0
3.24759 -173.809 0
3.2486 -55.048 0
3.24962 -128.479 0
3.25064 -243.308 0
3.25166 -191.486 0
3.25268 -196.324 0
3.2537 -141.688 0
3.25473 -109.476 0
3.25575 -116.988 0
3.25677 -108.518 0
3.25779 -154.413 0
3.25882 -66.0332 0
3.25984 -125.979 0
3.26087 -126.962 0
3.2619 -105.618 0
3.26292 -104.023 0
3.26395 -82.5146 0
3.26498 40.9891 0
3.26601 270.37 0
3.26704 703.033 0
3.26807 1303.88 0
3.2691 1769.33 0
3.27013 2406.79 0
3.27116 2699.28 0
3.2722 2751.34 0
3.27323 2723.83 0
3.27426 2334.41 0
3.2753 1768.73 0
3.27633 1203.55 0
3.27737 663.905 0
3.27841 245.863 0
3.27944 -44.1036 0
3.28048 9.15367 0
3.28152 -67.6465 0
3.28256 -41.7812 0
3.2836 -50.3421 0
3.28464 -49.0365 0
3.28568 -87.6303 0
3.28673 -100.02 0
3.28777 -11.2162 0
3.28881 1.4886 0
3.28986 -67.0563 0
3.2909 -74.3359 0
3.29195 -149.063 0
3.29299 -174.127 0
3.29404 -283.502 0
3.29509 -193.875 0
3.29613 -164.403 0
3.29718 -142.305 0
3.29823 -126.025 0
3.29928 -65.6479 0
3.30033 -60.9602 0
3.30138 -203.684 0
3.30244 -67.5544 0
3.30349 -105.12 0
3.30454 -50.3587 0
3.3056 9.5067 0
3.30665 -16.687 0
3.30771 -124.33 0
3.30876 -67.0029 0
3.30982 -3.32434 0
3.31088 74.4229 0
3.31193 181.107 0
3.31299 51.4571 0
3.31405 -36.9569 0
3.31511 50.6043 0
3.31617 31.4418 0
3.31724 60.002 0
3.3183 166.332 0
3.31936 94.309 0
3.32042 160.98 0
3.32149 175.753 0
3.32255 124.106 0
3.32362 167.965 0
3.32469 130.474 0
3.32575 -0.820713 0
3.32682 11.2149 0
3.32789 98.612 0
3.32896 -28.3425 0
3.33003 208.196 0
3.3311 148.634 0
3.33217 128.867 0
3.33324 107.048 0
3.33431 86.9528 0
3.33539 90.7854 0
3.33646 114.825 0
3.33753 167.012 0
3.33861 142.51 0
3.33969 110.65 0
3.34076 70.3255 0
3.34184 81.5515 0
3.34292 137.191 0
3.344 145.515 0
3.34508 147.803 0
3.34616 117.169 0
3.34724 162.299 0
3.34832 193.11 0
3.3494 148.954 0
3.35048 208.543 0
3.35157 238.933 0
3.35265 382.353 0
3.35374 195.054 0
3.35482 138.613 0
3.35591 206.29 0
3.357 165.537 0
3.35808 92.1616 0
3.35917 81.0079 0
3.36026 234.401 0
3.36135 204.832 0
3.36244 161.714 0
3.36353 198.86 0
3.36462 272.437 0
3.36572 132.514 0
3.36681 57.9912 0
3.36791 121.236 0
3.369 242.008 0
3.3701 85.4836 0
3.37119 245.85 0
3.37229 319.189 0
3.37339 188.88 0
3.37449 155.036 0
3.37558 154.03 0
3.37668 114.888 0
3.37779 52.9621 0
3.37889 265.737 0
3.37999 171.089 0
3.38109 113.961 0
3.38219 140.195 0
3.3833 166.269 0
3.3844 5.94318 0
3.38551 -26.0729 0
3.38662 137.492 0
3.38772 126.637 0
3.38883 54.5409 0
3.38994 133.694 0
3.39105 139.84 0
3.39216 13.0999 0
3.39327 147.358 0
3.39438 55.0514 0
3.39549 127.435 0
3.39661 119.893 0
3.39772 14.8438 0
3.39883 24.006 0
3.39995 80.9279 0
3.40106 100.193 0
3.40218 -15.0192 0
3.4033 73.6405 0
3.40442 179.418 0
3.40554 233.884 0
3.40666 174.396 0
3.40778 134.337 0
3.4089 54.4404 0
3.41002 231.536 0
3.41114 114.044 0
3.41226 177 0
3.41339 139.848 0
3.41451 50.5137 0
3.41564 -35.1414 0
3.41676 156.652 0
3.41789 239.679 0
3.41902 285.271 0
3.42015 185.175 0
3.42128 75.9796 0
3.42241 194.033 0
3.42354 113.731 0
3.42467 77.8429 0
3.4258 31.1416 0
3.42693 144.569 0
3.42807 128.851 0
3.4292 123.268 0
3.43034 -8.38088 0
3.43147 38.5266 0
3.43261 172.12 0
3.43375 215.904 0
3.43488 161.409 0
3.43602 150.567 0
3.43716 -18.6838 0
3.4383 77.4339 0
3.43944 50.4246 0
3.44059 120.617 0
3.44173 185.135 0
3.44287 137.038 0
3.44402 13.9646 0
3.44516 31.344 0
3.44631 115.759 0
3.44745 165.946 0
3.4486 40.56 0
3.44975 69.6692 0
3.4509 120.276 0
3.45205 165.279 0
3.4532 71.7559 0
3.45435 -29.4596 0
3.4555 79.8317 0
3.45665 62.9758 0
3.45781 100.45 0
3.45896 127.552 0
3.46012 197.914 0
3.46127 229.434 0
3.46243 124.906 0
3.46358 159.44 0
3.46474 56.6293 0
3.4659 64.2209 0
3.46706 180.197 0
3.46822 92.465 0
3.46938 127.399 0
3.47054 206.197 0
3.47171 120.437 0
3.47287 196.573 0
3.47403 38.9623 0
3.4752 83.5186 0
3.47637 49.1081 0
3.47753 162.526 0
3.4787 44.6825 0
3.47987 75.1254 0
3.48104 105.028 0
3.48221 187.398 0
3.48338 97.5627 0
3.48455 64.6201 0
3.48572 185.085 0
3.48689 218.988 0
3.48807 212.5 0
3.48924 203.831 0
3.49042 207.964 0
3.49159 184.919 0
3.49277 199.246 0
3.49395 74.7221 0
3.49512 161.394 0
3.4963 324.877 0
3.49748 203.559 0
3.49866 153.001 0
3.49985 228.268 0
3.50103 287.307 0
3.50221 267.607 0
3.5034 149.992 0
3.50458 220.703 0
3.50577 162.939 0
3.50695 53.0093 0
3.50814 161.138 0
3.50933 104.947 0
3.51052 255.549 0
3.51171 55.8989 0
3.5129 79.2388 0
3.51409 127.635 0
3.51528 25.8844 0
3.51647 -16.3149 0
3.51767 -6.1346 0
3.51886 20.7007 0
3.52006 199.583 0
3.52125 12.4561 0
3.52245 165.649 0
3.52365 133.726 0
3.52485 166.142 0
3.52604 70.2492 0
3.52724 29.5098 0
3.52845 67.5159 0
3.52965 83.1447 0
3.53085 124.888 0
3.53205 46.7596 0
3.53326 4.13472 0
3.53446 81.9312 0
3.53567 119.739 0
3.53688 171.497 0
3.53808 256.719 0
3.53929 192.619 0
3.5405 180.847 0
3.54171 214.94 0
3.54292 283.256 0
3.54413 219.313 0
3.54535 114.046 0
3.54656 -2.73942 0
3.54777 92.9743 0
3.54899 264.662 0
3.5502 210.147 0
3.55142 153.545 0
3.55264 159.072 0
3.55386 139.273 0
3.55508 85.0618 0
3.5563 130.806 0
3.55752 252.445 0
3.55874 116.123 0
3.55996 188.52 0
3.56118 226.105 0
3.56241 140.047 0
3.56363 -9.16617 0
3.56486 23.2664 0
3.56609 213.634 0
3.56731 154.677 0
3.56854 132.491 0
3.56977 80.7556 0
3.571 98.1803 0
3.57223 197.6 0
3.57346 268.754 0
3.5747 142.479 0
3.57593 160.839 0
3.57716 71.4574 0
3.5784 217.795 0
3.57964 56.4678 0
3.58087 57.4227 0
3.58211 203.451 0
3.58335 70.9339 0
3.58459 64.6504 0
3.58583 30.7302 0
3.58707 194.001 0
3.58831 138.077 0
3.58955 56.1379 0
3.5908 -4.03241 0
3.59204 180.454 0
3.59329 153.014 0
3.59454 151.239 0
3.59578 93.451 0
3.59703 197.614 0
3.59828 272.025 0
3.59953 156.401 0
3.60078 228.149 0
3.60203 131.974 0
3.60328 192.828 0
3.60454 224.78 0
3.60579 221.467 0
3.60705 109.268 0
3.6083 207.923 0
3.60956 246.459 0
3.61082 167.504 0
3.61208 174.318 0
3.61333 132.17 0
3.6146 37.822 0
3.61586 81.6683 0
3.61712 146.968 0
3.61838 116.721 0
3.61965 58.467 0
3.62091 149.139 0
3.62218 172.219 0
3.62344 244.309 0
3.62471 78.5092 0
3.62598 124.528 0
3.62725 -7.57623 0
3.62852 133.422 0
3.62979 93.3712 0
3.63106 -18.3647 0
3.63233 35.0865 0
3.63361 63.0258 0
3.63488 136.912 0
3.63616 41.5178 0
3.63743 125.55 0
3.63871 44.6451 0
3.63999 123.077 0
3.64127 31.7123 0
3.64255 20.514 0
3.64383 84.054 0
3.64511 -43.4541 0
3.64639 132.115 0
3.64767 75.8233 0
3.64896 50.7192 0
3.65024 37.1683 0
3.65153 108.15 0
3.65282 62.7682 0
3.65411 70.5704 0
3.65539 46.9587 0
3.65668 8.53762 0
3.65798 80.3817 0
3.65927 20.5268 0
3.66056 -27.1953 0
3.66185 62.9999 0
3.66315 218.947 0
3.66444 273.732 0
3.66574 180.02 0
3.66704 166.241 0
3.66833 110.117 0
3.66963 126.048 0
3.67093 84.2164 0
3.67223 -9.95687 0
3.67354 57.4877 0
3.67484 120.458 0
3.67614 234.204 0
3.67745 174.884 0
3.67875 87.2169 0
3.68006 60.6792 0
3.68137 102.474 0
3.68267 123.034 0
3.68398 42.6513 0
3.68529 190.387 0
3.6866 148.207 0
3.68792 218.843 0
3.68923 174.888 0
3.69054 264.322 0
3.69186 121.74 0
3.69317 57.3709 0
3.69449 104.469 0
3.69581 170.335 0
3.69713 136.67 0
3.69845 82.4893 0
3.69977 83.9311 0
3.70109 104.39 0
3.70241 128.637 0
3.70373 137.912 0
3.70506 170.963 0
3.70638 196.121 0
3.70771 206.989 0
3.70904 239.443 0
3.71036 178.272 0
3.71169 290.976 0
3.71302 123.744 0
3.71435 94.1277 0
3.71568 145.276 0
3.71702 182.762 0
3.71835 228.568 0
3.71969 93.6212 0
3.72102 154.277 0
3.72236 161.617 0
3.7237 338.562 0
3.72503 125.493 0
3.72637 141.872 0
3.72771 239.193 0
3.72906 151.714 0
3.7304 107.442 0
3.73174 206.946 0
3.73309 267.021 0
3.73443 247.547 0
3.73578 156.974 0
3.73712 121.779 0
3.73847 120.995 0
3.73982 253.452 0
3.74117 245.275 0
3.74252 204.118 0
3.74387 100.705 0
3.74523 218.44 0
3.74658 29.5818 0
3.74794 166.963 0
3.74929 168.462 0
3.75065 82.4625 0
3.75201 246.501 0
3.75337 180.437 0
3.75473 82.5544 0
3.75609 11.6222 0
3.75745 71.8081 0
3.75881 213.117 0
3.76018 138.424 0
3.76154 64.0065 0
3.76291 69.6726 0
3.76427 233.869 0
3.76564 185.856 0
3.76701 104.447 0
3.76838 94.7155 0
3.76975 55.52 0
3.77112 169.46 0
3.7725 53.304 0
3.77387 65.4417 0
3.77524 17.7534 0
3.77662 101.47 0
3.778 155.4 0
3.77937 107.129 0
3.78075 80.5536 0
3.78213 130.493 0
3.78351 8.66004 0
3.7849 89.4851 0
3.78628 127.796 0
3.78766 26.5788 0
3.78905 159.482 0
3.79043 135.308 0
3.79182 -26.3358 0
3.79321 -137.046 0
3.7946 -138.653 0
3.79599 -74.4202 0
3.79738 -225.266 0
3.79877 -202.615 0
3.80016 -186.219 0
3.80156 -4.3839 0
3.80295 -120.13 0
3.80435 -178.891 0
3.80575 -136.629 0
3.80714 -126.961 0
3.80854 -32.0355 0
3.80994 -249.078 0
3.81134 -148.355 0
3.81275 -130.122 0
3.81415 -99.6344 0
3.81555 -125.088 0
3.81696 1.03455 0
3.81837 -43.1019 0
3.81977 -26.8598 0
3.82118 -97.0101 0
3.82259 -108.762 0
3.824 -95.5514 0
3.82541 -80.4322 0
3.82683 101.425 0
3.82824 250.706 0
3.82965 332.337 0
3.83107 964.186 0
3.83249 1526.71 0
3.8339 2035.77 0
3.83532 2574.43 0
3.83674 2851.1 0
3.83816 2526.2 0
3.83959 2360.76 0
3.84101 1756.19 0
3.84243 979.737 0
3.84386 637.682 0
3.84529 137.941 0
3.84671 15.5133 0
3.84814 -3.68173 0
3.84957 -44.6665 0
3.851 -59.5935 0
3.85243 -24.6433 0
3.85387 -120.814 0
3.8553 -68.4081 0
3.85673 -94.5197 0
3.85817 -188.657 0
3.85961 -124.015 0
3.86104 -72.2478 0
3.86248 -175.544 0
3.86392 -84.0682 0
3.86537 -35.8623 0
3.86681 -113.947 0
3.86825 -170.781 0
3.8697 -92.8774 0
3.87114 -101.49 0
3.87259 -139.69 0
3.87404 -206.652 0
3.87548 -114.899 0
3.87693 -149.392 0
3.87838 -80.8046 0
3.87984 -69.1183 0
3.88129 -90.1713 0
3.88274 16.9952 0
3.8842 104.029 0
3.88566 116.016 0
3.88711 75.9274 0
3.88857 73.3625 0
3.89003 82.3664 0
3.89149 -21.8408 0
3.89295 16.1828 0
3.89442 98.9902 0
3.89588 122.591 0
3.89735 171.944 0
3.89881 30.3651 0
3.90028 -69.5673 0
3.90175 162.088 0
3.90322 71.1302 0
3.90469 163.675 0
3.90616 34.3627 0
3.90763 4.42246 0
3.90911 129.969 0
3.91058 109.576 0
3.91206 124.795 0
3.91354 143.369 0
3.91501 165.059 0
3.91649 188.872 0
3.91798 213.274 0
3.91946 181.556 0
3.92094 142.805 0
3.92242 169.578 0
3.92391 96.2893 0
3.9254 162.264 0
3.92688 127.521 0
3.92837 30.266 0
3.92986 43.4784 0
3.93135 164.068 0
3.93284 257.049 0
3.93434 269.639 0
3.93583 189.636 0
3.93733 192.737 0
3.93882 165.787 0
3.94032 238.95 0
3.94182 311.291 0
3.94332 294.119 0
3.94482 250.878 0
3.94632 359.239 0
3.94783 198.795 0
3.94933 209.433 0
3.95084 201.639 0
3.95234 143.087 0
3.95385 195.701 0
3.95536 292.376 0
3.95687 225.853 0
3.95838 133.894 0
3.95989 97.0099 0
3.96141 171.008 0
3.96292 238.662 0
3.96444 137.52 0
3.96596 151.081 0
3.96747 111.941 0
3.96899 111.293 0
3.97052 70.3824 0
3.97204 203.366 0
3.97356 148.732 0
3.97508 290.35 0
3.97661 237.932 0
3.97814 167.507 0
3.97966 130.372 0
3.98119 49.3613 0
3.98272 111.154 0
3.98425 91.3946 0
3.98579 76.3471 0
3.98732 191.66 0
3.98885 170.325 0
3.99039 253.144 0
3.99193 314.914 0
3.99347 322.057 0
3.99501 289.743 0
3.99655 164.405 0
3.99809 175.296 0
3.99963 249.964 0
4.00118 69.156 0
4.00272 -21.7363 0
4.00427 53.0544 0
4.00582 185.808 0
4.00736 112.252 0
4.00891 193.968 0
4.01047 72.1781 0
4.01202 99.441 0
4.01357 42.5373 0
4.01513 28.773 0
4.01668 146.674 0
4.01824 125.141 0
4.0198 133.02 0
4.02136 86.6002 0
4.02292 209.507 0
4.02448 95.8305 0
4.02605 -24.6197 0
4.02761 147.254 0
4.02918 8.89349 0
4.03074 17.9131 0
4.03231 221.07 0
4.03388 337.891 0
4.03545 50.3176 0
4.03703 76.6496 0
4.0386 182.546 0
4.04017 -0.664547 0
4.04175 135.381 0
4.04333 240.963 0
4.0449 157.479 0
4.04648 90.4359 0
4.04806 135.001 0
4.04965 -65.9921 0
4.05123 82.7571 0
4.05281 95.4915 0
4.0544 39.6953 0
4.05599 197.775 0
4.05757 170.782 0
4.05916 114.298 0
4.06075 6.61259 0
4.06235 79.6695 0
4.06394 167.098 0
4.06553 121.487 0
4.06713 137.532 0
4.06873 74.2716 0
4.07032 74.7267 0
4.07192 100.377 0
4.07352 150.573 0
4.07513 50.7255 0
4.07673 94.7485 0
4.07833 198.918 0
4.07994 64.7242 0
4.08155 67.3204 0
4.08315 131.338 0
4.08476 11.903 0
4.08637 83.3185 0
4.08799 90.4927 0
4.0896 122.503 0
4.09121 302.94 0
4.09283 155.572 0
4.09445 25.3035 0
4.09607 42.567 0
4.09768 64.3296 0
4.09931 275.116 0
4.10093 129.738 0
4.10255 128.353 0
4.10418 198.472 0
4.1058 59.4488 0
4.10743 -5.11607 0
4.10906 35.7009 0
4.11069 126.399 0
4.11232 -37.9603 0
4.11395 -19.7598 0
4.11559 69.0954 0
4.11722 168.806 0
4.11886 30.6292 0
4.12049 53.867 0
4.12213 306.85 0
4.12377 153.928 0
4.12542 172.076 0
4.12706 168.343 0
4.1287 261.975 0
4.13035 281.618 0
4.132 240.088 0
4.13364 188.357 0
4.13529 177.563 0
4.13694 179.014 0
4.1386 276.675 0
4.14025 188.019 0
4.1419 153.312 0
4.14356 121.662 0
4.14522 39.9299 0
4.14688 25.381 0
4.14854 24.401 0
4.1502 121.577 0
4.15186 230.72 0
4.15352 82.3208 0
4.15519 62.8562 0
4.15686 212.59 0
4.15853 203.633 0
4.16019 110.943 0
4.16187 169.344 0
4.16354 160.542 0
4.16521 172.392 0
4.16689 218.785 0
4.16856 173.132 0
4.17024 178.819 0
4.17192 172.485 0
4.1736 81.9133 0
4.17528 100.368 0
4.17696 90.4708 0
4.17865 148.5 0
4.18033 99.544 0
4.18202 72.1396 0
4.18371 59.9295 0
4.1854 269.748 0
4.18709 230.921 0
4.18878 106.039 0
4.19047 103.906 0
4.19217 90.7769 0
4.19387 132.923 0
4.19556 162.835 0
4.19726 236.519 0
4.19896 77.775 0
4.20067 114.685 0
4.20237 137.836 0
4.20407 255.38 0
4.20578 270.058 0
4.20749 48.4999 0
4.2092 273.668 0
4.21091 180.866 0
4.21262 56.3364 0
4.21433 80.9084 0
4.21605 16.9618 0
4.21776 150.925 0
4.21948 197.698 0
4.2212 137.659 0
4.22292 32.5231 0
4.22464 167.277 0
4.22636 152.769 0
4.22809 207.58 0
4.22981 155.263 0
4.23154 99.975 0
4.23327 30.9061 0
4.235 84.423 0
4.23673 102.718 0
4.23846 100.219 0
4.2402 47.0509 0
4.24193 114.077 0
4.24367 197.26 0
4.24541 50.4679 0
4.24715 87.6591 0
4.24889 108.131 0
4.25063 253.942 0
4.25238 3.80576 0
4.25412 82.064 0
4.25587 78.9868 0
4.25762 130.529 0
4.25937 138.484 0
4.26112 136.077 0
4.26287 50.8384 0
4.26463 68.9809 0
4.26638 84.4489 0
4.26814 228.692 0
4.2699 131.742 0
4.27166 164.318 0
4.27342 200.897 0
4.27518 92.5185 0
4.27695 109.824 0
4.27871 -68.0868 0
4.28048 -44.185 0
4.28225 133.673 0
4.28402 95.9056 0
4.28579 121.782 0
4.28757 328.348 0
4.28934 -33.3541 0
4.29112 82.1665 0
4.29289 100.497 0
4.29467 49.9732 0
4.29645 174.421 0
4.29824 212.964 0
4.30002 63.6349 0
4.3018 61.5606 0
4.30359 34.6491 0
4.30538 4.48952 0
4.30717 150.399 0
4.30896 235.411 0
4.31075 250.108 0
4.31254 80.8572 0
4.31434 203.925 0
4.31614 167.619 0
4.31794 71.9699 0
4.31974 104.329 0
4.32154 165.965 0
4.32334 192.698 0
4.32514 199.494 0
4.32695 81.6889 0
4.32876 145.911 0
4.33057 203.608 0
4.33238 326.733 0
4.33419 275.099 0
4.336 124.929 0
4.33782 41.3804 0
4.33963 236 0
4.34145 141.181 0
4.34327 88.7048 0
4.34509 115.664 0
4.34691 123.193 0
4.34874 20.9333 0
4.35056 182.359 0
4.35239 160.847 0
4.35422 29.9035 0
4.35605 122.415 0
4.35788 109.856 0
4.35972 83.5668 0
4.36155 63.8516 0
4.36339 84.4529 0
4.36523 111.668 0
4.36706 126.765 0
4.36891 89.75 0
4.37075 144.857 0
4.37259 206.416 0
4.37444 148.983 0
4.37629 207.994 0
4.37813 114.124 0
4.37999 117.601 0
4.38184 34.7328 0
4.38369 172.807 0
4.38555 163.569 0
4.3874 116.545 0
4.38926 189.984 0
4.39112 229.372 0
4.39298 194.025 0
4.39485 37.4362 0
4.39671 151.367 0
4.39858 172.334 0
4.40044 146.982 0
4.40231 167.769 0
4.40418 176.313 0
4.40606 150.954 0
4.40793 70.2455 0
4.40981 74.8437 0
4.41168 79.8609 0
4.41356 4.62883 0
4.41544 106.145 0
4.41733 118.481 0
4.41921 105.431 0
4.42109 121.05 0
4.42298 -20.6482 0
4.42487 9.39965 0
4.42676 145.319 0
4.42865 48.3126 0
4.43054 193.203 0
4.43244 91.7814 0
4.43434 -4.48517 0
4.43623 152.332 0
4.43813 226.843 0
4.44004 217.667 0
4.44194 38.5391 0
4.44384 103.357 0
4.44575 176.356 0
4.44766 183.439 0
4.44957 172.733 0
4.45148 204.919 0
4.45339 189.407 0
4.45531 129.867 0
4.45722 139.361 0
4.45914 131.186 0
4.46106 81.5329 0
4.46298 190.542 0
4.46491 165.552 0
4.46683 119.636 0
4.46876 216.083 0
4.47068 245.485 0
4.47261 195.837 0
4.47454 161.509 0
4.47648 188.382 0
4.47841 88.1486 0
4.48035 189.731 0
4.48229 261.057 0
4.48423 106.057 0
4.48617 100.415 0
4.48811 121.799 0
4.49005 145.137 0
4.492 75.9738 0
4.49395 64.3 0
4.4959 -27.3637 0
4.49785 104.181 0
4.4998 24.3889 0
4.50176 99.7604 0
4.50371 234.994 0
4.50567 152.25 0
4.50763 116.145 0
4.50959 140.829 0
4.51156 110.054 0
4.51352 192.8 0
4.51549 107.95 0
4.51746 125.826 0
4.51943 64.2285 0
4.5214 119.971 0
4.52337 34.1014 0
4.52535 158.88 0
4.52732 245.453 0
4.5293 222.307 0
4.53128 191.382 0
4.53327 152.875 0
4.53525 178.937 0
4.53723 130.801 0
4.53922 213.212 0
4.54121 53.074 0
4.5432 196.06 0
4.5452 133.064 0
4.54719 109.271 0
4.54919 111.403 0
4.55118 258.195 0
4.55318 6.48836 0
4.55518 49.5304 0
4.55719 125.811 0
4.55919 55.3165 0
4.5612 -15.4928 0
4.56321 -61.3521 0
4.56522 24.8568 0
4.56723 -59.0664 0
4.56924 -36.5195 0
4.57126 67.7148 0
4.57328 40.4413 0
4.5753 0.116375 0
4.57732 71.2207 0
4.57934 14.4131 0
4.58136 -37.2124 0
4.58339 0.273779 0
4.58542 -2.93258 0
4.58745 119.179 0
4.58948 41.5668 0
4.59151 218.888 0
4.59355 214.253 0
4.59559 101.407 0
4.59762 92.4557 0
4.59966 130.737 0
4.60171 199.422 0
4.60375 119.725 0
4.6058 101.63 0
4.60785 225.608 0
4.6099 144.963 0
4.61195 180.554 0
4.614 119.723 0
4.61606 177.675 0
4.61811 231.51 0
4.62017 574.723 0
4.62223 727.445 0
4.62429 922.627 0
4.62636 1094.07 0
4.62843 1198.47 0
4.63049 1097.71 0
4.63256 625.696 0
4.63464 448.094 0
4.63671 159.494 0
4.63878 61.9357 0
4.64086 80.1623 0
4.64294 -0.989258 0
4.64502 35.3396 0
4.64711 -25.4252 0
4.64919 -93.9902 0
4.65128 -20.4425 0
4.65337 41.8721 0
4.65546 -20.4182 0
4.65755 73.4823 0
4.65964 50.4883 0
4.66174 -36.2087 0
4.66384 -0.280063 0
4.66594 136.861 0
4.66804 32.8652 0
4.67014 62.018 0
4.67225 70.0218 0
4.67435 126.303 0
4.67646 10.7182 0
4.67858 109.546 0
4.68069 177.671 0
4.6828 11.5005 0
4.68492 53.0176 0
4.68704 63.8593 0
4.68916 77.9049 0
4.69128 -8.65686 0
4.69341 18.2373 0
4.69553 -15.9036 0
4.69766 -165.27 0
4.69979 31.2732 0
4.70193 -21.7997 0
4.70406 106.86 0
4.7062 128.09 0
4.70833 151.389 0
4.71047 -26.6841 0
4.71262 100.111 0
4.71476 106.403 0
4.71691 118.451 0
4.71905 95.7035 0
4.7212 22.7718 0
4.72336 7.65648 0
4.72551 77.0716 0
4.72767 286.115 0
4.72982 43.9366 0
4.73198 124.831 0
4.73415 21.9631 0
4.73631 47.9421 0
4.73847 57.2472 0
4.74064 215.765 0
4.74281 78.3628 0
4.74498 261.256 0
4.74716 192.11 0
4.74933 103.709 0
4.75151 109.985 0
4.75369 203.749 0
4.75587 299.433 0
4.75806 253.751 0
4.76024 199.041 0
4.76243 243.539 0
4.76462 273.803 0
4.76681 259.524 0
4.769 108.689 0
4.7712 133.45 0
4.7734 148.239 0
4.7756 182.737 0
4.7778 128.205 0
4.78 -2.38936 0
4.78221 133.199 0
4.78442 201.672 0
4.78663 126.246 0
4.78884 29.5403 0
4.79105 120.872 0
4.79327 169.481 0
4.79549 263.75 0
4.79771 339.368 0
4.79993 88.8318 0
4.80215 143.487 0
4.80438 177.421 0
4.80661 137.41 0
4.80884 161.728 0
4.81107 157.993 0
4.8133 151.999 0
4.81554 246.57 0
4.81778 153.974 0
4.82002 177.97 0
4.82226 83.2659 0
4.82451 107.907 0
4.82676 198.264 0
4.829 222.008 0
4.83126 181.812 0
4.83351 72.52 0
4.83577 184.684 0
4.83802 283.199 0
4.84028 258.967 0
4.84254 268.652 0
4.84481 258.746 0
4.84707 170.74 0
4.84934 108.11 0
4.85161 147.342 0
4.85389 220.24 0
4.85616 178.439 0
4.85844 258.723 0
4.86072 257.024 0
4.863 337.481 0
4.86528 311.79 0
4.86756 285.365 0
4.86985 248.71 0
4.87214 253.713 0
4.87443 122.61 0
4.87673 246.033 0
4.87902 45.3285 0
4.88132 203.861 0
4.88362 206.45 0
4.88592 87.9544 0
4.88823 224.841 0
4.89054 56.0589 0
4.89284 184.587 0
4.89516 181.975 0
4.89747 148.385 0
4.89978 115.178 0
4.9021 44.078 0
4.90442 -46.3504 0
4.90674 -46.4314 0
4.90907 173.608 0
4.9114 22.697 0
4.91372 48.1084 0
4.91606 45.5182 0
4.91839 8.81842 0
4.92072 113.286 0
4.92306 47.0455 0
4.9254 104.68 0
4.92774 70.2582 0
4.93009 0.793578 0
4.93243 4.6694 0
4.93478 88.2472 0
4.93713 189.95 0
4.93949 140.305 0
4.94184 91.1867 0
4.9442 78.255 0
4.94656 158.78 0
4.94892 -7.05499 0
4.95129 68.1375 0
4.95365 73.0898 0
4.95602 22.9718 0
4.95839 -71.7342 0
4.96077 202.291 0
4.96314 104.855 0
4.96552 33.0387 0
4.9679 71.1909 0
4.97029 93.6205 0
4.97267 130.103 0
4.97506 65.3963 0
4.97745 -84.7179 0
4.97984 -0.782017 0
4.98223 32.055 0
4.98463 -46.3828 0
4.98703 -26.3758 0
4.98943 63.4563 0
4.99183 4.24205 0
4.99424 39.3843 0
4.99665 -3.45996 0
4.99906 -58.262 0
5.00147 -94.0901 0
5.00388 -5.57926 0
5.0063 -61.5535 0
5.00872 -64.5843 0
5.01114 42.7056 0
5.01357 -83.5645 0
5.01599 -22.3589 0
5.01842 -6.56633 0
5.02085 -76.7804 0
5.02329 -83.3004 0
5.02572 -18.075 0
5.02816 17.2809 0
5.0306 127.648 0
5.03305 432.331 0
5.03549 867.559 0
5.03794 1367.62 0
5.04039 1857.41 0
5.04284 2038.49 0
5.0453 1912.77 0
5.04776 1484.89 0
5.05022 798.778 0
5.05268 409.802 0
5.05514 -2.7349 0
5.05761 -94.5177 0
5.06008 -69.1094 0
5.06255 13.1805 0
5.06503 -76.7896 0
5.0675 -107.247 0
5.06998 41.172 0
5.07246 67.0066 0
5.07495 80.9376 0
5.07743 10.5007 0
5.07992 -25.0021 0
5.08242 -81.9122 0
5.08491 36.2145 0
5.08741 102.628 0
5.0899 94.8339 0
5.09241 5.81958 0
5.09491 35.4739 0
5.09741 134.398 0
5.09992 119.933 0
5.10243 -27.8452 0
5.10495 33.1978 0
5.10746 87.9144 0
5.10998 -148.061 0
5.1125 -94.5635 0
5.11503 72.1115 0
5.11755 193.795 0
5.12008 133.78 0
5.12261 34.3075 0
5.12515 93.3966 0
5.12768 126.997 0
5.13022 163.139 0
5.13276 236.231 0
5.1353 72.5817 0
5.13785 -0.692607 0
5.1404 109.76 0
5.14295 157.229 0
5.1455 217.322 0
5.14806 92.3964 0
5.15062 80.8967 0
5.15318 150.149 0
5.15574 177.063 0
5.15831 226.318 0
5.16088 241.325 0
5.16345 18.3837 0
5.16602 164.062 0
5.1686 182.575 0
5.17118 142.935 0
5.17376 141 0
5.17635 53.6836 0
5.17893 -19.8964 0
5.18152 178.198 0
5.18411 107.069 0
5.18671 70.9152 0
5.18931 233.21 0
5.19191 148.19 0
5.19451 11.528 0
5.19711 143.002 0
5.19972 104.463 0
5.20233 -2.95365 0
5.20494 63.0989 0
5.20756 -17.8312 0
5.21018 104.901 0
5.2128 86.6364 0
5.21542 23.7497 0
5.21805 -28.3139 0
5.22068 36.3083 0
5.22331 90.1607 0
5.22594 158.958 0
5.22858 45.0884 0
5.23122 66.2263 0
5.23386 113.802 0
5.23651 86.8518 0
5.23915 25.579 0
5.2418 179.468 0
5.24446 64.9095 0
5.24711 127.416 0
5.24977 151.54 0
5.25243 97.4549 0
5.25509 93.423 0
5.25776 214.925 0
5.26043 251.269 0
5.2631 172.792 0
5.26577 248.409 0
5.26845 215.214 0
5.27113 71.5152 0
5.27381 -58.7168 0
5.2765 221.542 0
5.27919 18.4392 0
5.28188 36.8657 0
5.28457 110.167 0
5.28727 91.986 0
5.28997 74.3004 0
5.29267 62.7437 0
5.29537 123.752 0
5.29808 245.7 0
5.30079 177.676 0
5.3035 112.619 0
5.30622 139.995 0
5.30894 95.9952 0
5.31166 186.565 0
5.31438 275.166 0
5.31711 113.087 0
5.31984 182.059 0
5.32257 257.113 0
5.32531 107.044 0
5.32804 141.981 0
5.33078 158.479 0
5.33353 75.6897 0
5.33627 79.6687 0
5.33902 210.935 0
5.34178 252.004 0
5.34453 137.061 0
5.34729 247.74 0
5.35005 254.123 0
5.35281 209.881 0
5.35558 186.467 0
5.35835 57.7012 0
5.36112 88.4494 0
5.36389 207.083 0
5.36667 257.66 0
5.36945 285.417 0
5.37224 198.465 0
5.37502 99.5485 0
5.37781 119.297 0
5.3806 107.673 0
5.3834 77.9536 0
5.3862 51.59 0
5.389 15.7407 0
5.3918 118.683 0
5.39461 135.44 0
5.39742 129.196 0
5.40023 165.405 0
5.40305 110.873 0
5.40587 129.08 0
5.40869 206.07 0
5.41151 20.6394 0
5.41434 245.74 0
5.41717 128.875 0
5.42 78.1507 0
5.42284 170.342 0
5.42568 126.252 0
5.42852 186.64 0
5.43137 177.348 0
5.43421 195.966 0
5.43706 167.157 0
5.43992 87.837 0
5.44278 235.829 0
5.44564 179.603 0
5.4485 204.373 0
5.45136 71.1993 0
5.45423 14.1885 0
5.45711 74.2486 0
5.45998 150.926 0
5.46286 121.268 0
5.46574 116.64 0
5.46863 135.014 0
5.47151 111.113 0
5.4744 42.0564 0
5.4773 12.1383 0
5.48019 89.2764 0
5.48309 134.417 0
5.486 -7.64853 0
5.4889 37.6076 0
5.49181 190.243 0
5.49472 26.3631 0
5.49764 75.0673 0
5.50055 158.978 0
5.50348 64.7701 0
5.5064 20.9842 0
5.50933 17.6069 0
5.51226 71.8262 0
5.51519 146.973 0
5.51813 230.439 0
5.52107 151.073 0
5.52401 70.9963 0
5.52696 -18.0223 0
5.52991 -30.4215 0
5.53286 252.427 0
5.53581 134.372 0
5.53877 205.645 0
5.54174 109.963 0
5.5447 176.765 0
5.54767 63.4213 0
5.55064 97.9227 0
5.55361 155.249 0
5.55659 221.867 0
5.55957 7.26461 0
5.56256 62.8764 0
5.56554 -18.5302 0
5.56854 67.9163 0
5.57153 -135.699 0
5.57453 -80.2276 0
5.57753 -52.6164 0
5.58053 -17.8364 0
5.58354 -68.9037 0
5.58655 -84.0205 0
5.58956 -93.1835 0
5.59258 -51.4824 0
5.5956 -64.3423 0
5.59862 -186.383 0
5.60165 -252.73 0
5.60468 -107.427 0
5.60771 -74.9925 0
5.61074 4.13073 0
5.61378 -121.884 0
5.61683 -18.2855 0
5.61987 -121.857 0
5.62292 -7.99142 0
5.62597 -127.579 0
5.62903 -102.056 0
5.63209 -134.266 0
5.63515 -48.1189 0
5.63822 -115.568 0
5.64129 -16.8221 0
5.64436 -45.6476 0
5.64744 -25.9907 0
5.65052 64.1768 0
5.6536 202.423 0
5.65668 827.408 0
5.65977 1393.23 0
5.66287 2333.01 0
5.66596 3217.6 0
5.66906 3263.52 0
5.67216 2363.05 0
5.67527 1363.87 0
5.67838 622.387 0
5.68149 177.442 0
5.68461 -50.254 0
5.68773 -28.2661 0
5.69085 -107.488 0
5.69398 -60.6421 0
5.69711 26.451 0
5.70024 -51.7252 0
5.70338 -83.6324 0
5.70652 -166.505 0
5.70967 -69.0074 0
5.71281 -49.5848 0
5.71597 -28.6722 0
5.71912 -154.419 0
5.72228 -135.041 0
5.72544 -56.0799 0
5.7286 60.2753 0
5.73177 -62.5444 0
5.73494 -165.605 0
5.73812 -28.5657 0
5.7413 -149.266 0
5.74448 -62.6675 0
5.74767 -26.3204 0
5.75086 -42.2616 0
5.75405 -28.7313 0
5.75725 66.7778 0
5.76045 79.3637 0
5.76365 16.7418 0
5.76686 -26.6984 0
5.77007 94.144 0
5.77328 49.4522 0
5.7765 207.813 0
5.77972 227.32 0
5.78295 139.615 0
5.78618 183.023 0
5.78941 175.609 0
5.79265 240.063 0
5.79589 146.917 0
5.79913 167.46 0
5.80238 266.284 0
5.80563 120.715 0
5.80888 202.146 0
5.81214 193.813 0
5.8154 359.179 0
5.81867 197.621 0
5.82194 69.9799 0
5.82521 139.717 0
5.82848 14.2899 0
5.83176 19.1741 0
5.83505 4.00007 0
5.83833 137.164 0
5.84163 92.9584 0
5.84492 26.2934 0
5.84822 118.132 0
5.85152 130.211 0
5.85483 -5.6524 0
5.85814 -104.987 0
5.86145 119.408 0
5.86477 112.382 0
5.86809 43.7369 0
5.87141 90.2074 0
5.87474 109.717 0
5.87807 69.9692 0
5.88141 213.846 0
5.88475 163.78 0
5.88809 146.583 0
5.89144 164.357 0
5.89479 126.805 0
5.89815 66.4882 0
5.90151 79.1661 0
5.90487 51.8846 0
5.90824 107.594 0
5.91161 192.149 0
5.91498 8.11084 0
5.91836 54.6227 0
5.92174 43.0681 0
5.92513 53.596 0
5.92852 -9.10486 0
5.93191 -17.4729 0
5.93531 60.164 0
5.93871 73.7347 0
5.94211 49.2471 0
5.94552 35.2244 0
5.94893 109.161 0
5.95235 145.951 0
5.95577 -1.01953 0
5.9592 -23.3656 0
5.96263 -99.4892 0
5.96606 -56.5116 0
5.9695 80.4001 0
5.97294 -37.3223 0
5.97638 116.685 0
5.97983 -45.5485 0
5.98328 3.36015 0
5.98674 38.2283 0
5.9902 199.134 0
5.99366 180.233 0
5.99713 424.301 0
6.0006 549.397 0
6.00408 964.143 0
6.00756 1439.28 0
6.01105 1872.08 0
6.01454 1546.56 0
6.01803 1076.26 0
6.02153 590.967 0
6.02503 262.103 0
6.02853 52.3761 0
6.03204 59.8256 0
6.03555 -35.6159 0
6.03907 111.839 0
6.04259 178.464 0
6.04612 24.3471 0
6.04965 -110.612 0
6.05318 -62.9486 0
6.05672 -15.1447 0
6.06026 88.2543 0
6.06381 40.949 0
6.06736 86.8642 0
6.07091 -55.4237 0
6.07447 86.1513 0
6.07803 36.6171 0
6.0816 78.777 0
6.08517 163.134 0
6.08875 80.6103 0
6.09232 -21.4459 0
6.09591 85.9407 0
6.0995 191.857 0
6.10309 92.4424 0
6.10669 -42.3868 0
6.11029 36.469 0
6.11389 2.29131 0
6.1175 -7.47261 0
6.12111 126.885 0
6.12473 -22.2287 0
6.12835 95.058 0
6.13198 20.9308 0
6.13561 -16.2647 0
6.13924 38.4915 0
6.14288 31.6523 0
6.14653 -95.4431 0
6.15017 -23.5573 0
6.15383 7.89769 0
6.15748 -82.6626 0
6.16114 82.0803 0
6.16481 90.5562 0
6.16848 121.538 0
6.17215 108.134 0
6.17583 68.1315 0
6.17951 74.5866 0
6.1832 162.361 0
6.18689 116.698 0
6.19059 102.844 0
6.19429 120.564 0
6.19799 99.5202 0
6.2017 164.749 0
6.20542 197.462 0
6.20913 181.719 0
6.21286 190.744 0
6.21658 127.817 0
6.22031 47.0437 0
6.22405 90.0093 0
6.22779 96.4753 0
6.23154 148.41 0
6.23529 -27.3334 0
6.23904 182.149 0
6.2428 190.309 0
6.24656 89.1542 0
6.25033 190.887 0
6.2541 31.7007 0
6.25788 35.6528 0
6.26166 190.037 0
6.26544 149.55 0
6.26923 132.095 0
6.27303 257.956 0
6.27683 279.712 0
6.28063 186.198 0
6.28444 208.748 0
6.28826 228.325 0
6.29207 107.424 0
6.2959 109.64 0
6.29972 104.822 0
6.30356 200.698 0
6.30739 320.964 0
6.31123 202.156 0
6.31508 139.022 0
6.31893 216.67 0
6.32278 247.072 0
6.32665 209.278 0
6.33051 131.922 0
6.33438 117.645 0
6.33825 46.2006 0
6.34213 71.0337 0
6.34602 74.195 0
6.3499 86.2886 0
6.3538 144.263 0
6.3577 74.6788 0
6.3616 146.277 0
6.36551 77.4458 0
6.36942 78.2503 0
6.37334 174.997 0
6.37726 169.42 0
6.38119 245.497 0
6.38512 181.097 0
6.38905 143.968 0
6.39299 156.685 0
6.39694 200.484 0
6.40089 180.967 0
6.40485 50.6899 0
6.40881 242.662 0
6.41278 84.45 0
6.41675 133.03 0
6.42072 144.859 0
6.4247 105.84 0
6.42869 63.4718 0
6.43268 -12.7364 0
6.43667 91.973 0
6.44067 77.9356 0
6.44468 128.76 0
6.44869 117.601 0
6.45271 121.014 0
6.45673 186.218 0
6.46075 256.734 0
6.46478 265.512 0
6.46882 78.5712 0
6.47286 70.7478 0
6.4769 184.559 0
6.48095 146.086 0
6.48501 47.9856 0
6.48907 26.2247 0
6.49314 185.831 0
6.49721 137.685 0
6.50128 61.8993 0
6.50536 184.459 0
6.50945 35.2617 0
6.51354 22.1947 0
6.51764 88.9701 0
6.52174 -73.7152 0
6.52585 -6.39991 0
6.52996 66.1932 0
6.53408 398.143 0
6.5382 542.929 0
6.54233 992.82 0
6.54646 901.598 0
6.5506 625.069 0
6.55474 315.149 0
6.55889 169.517 0
6.56304 38.8203 0
6.5672 -20.6306 0
6.57137 28.3648 0
6.57554 7.81001 0
6.57971 17.7119 0
6.58389 -9.79849 0
6.58808 32.7448 0
6.59227 160.929 0
6.59646 149.129 0
6.60067 140.13 0
6.60487 74.3579 0
6.60908 -5.93587 0
6.6133 27.4497 0
6.61753 180.445 0
6.62175 155.175 0
6.62599 79.8574 0
6.63023 -35.2865 0
6.63447 41.2624 0
6.63872 230.512 0
6.64298 73.6783 0
6.64724 53.1473 0
6.6515 130.17 0
6.65578 132.747 0
6.66005 141.253 0
6.66434 64.3816 0
6.66863 98.27 0
6.67292 111.414 0
6.67722 82.8578 0
6.68152 156.449 0
6.68584 121.959 0
6.69015 17.8061 0
6.69447 157.909 0
6.6988 195.957 0
6.70313 73.9366 0
6.70747 46.0707 0
6.71182 -29.3949 0
6.71617 78.1333 0
6.72052 94.6572 0
6.72488 -88.6336 0
6.72925 208.741 0
6.73362 209.475 0
6.738 40.4418 0
6.74238 20.0865 0
6.74677 44.3635 0
6.75117 86.7577 0
6.75557 17.3591 0
6.75998 95.6558 0
6.76439 54.7814 0
6.76881 120.809 0
6.77323 141.696 0
6.77766 97.5265 0
6.7821 118.367 0
6.78654 101.333 0
6.79099 43.8003 0
6.79544 -79.7885 0
6.7999 -35.2423 0
6.80436 38.786 0
6.80883 -48.654 0
6.81331 -97.2338 0
6.81779 -108.603 0
6.82228 -24.078 0
6.82678 23.4052 0
6.83128 623.307 0
6.83578 1134.42 0
6.84029 1433.82 0
6.84481 1520.6 0
6.84934 1187.56 0
6.85387 735.163 0
6.8584 521.573 0
6.86294 229.483 0
6.86749 6.22025 0
6.87205 40.096 0
6.87661 155.205 0
6.88117 42.913 0
6.88574 114.815 0
6.89032 20.8298 0
6.89491 -155.633 0
6.8995 19.0109 0
6.90409 185.024 0
6.9087 192.392 0
6.91331 102.591 0
6.91792 88.2832 0
6.92254 151.375 0
6.92717 -35.1182 0
6.9318 46.9507 0
6.93644 -12.9079 0
6.94109 72.8834 0
6.94574 139.414 0
6.9504 106.987 0
6.95506 101.253 0
6.95973 118.584 0
6.96441 26.7162 0
6.9691 101.872 0
6.97379 222.839 0
6.97848 142.678 0
6.98318 150.519 0
6.98789 206.964 0
6.99261 81.264 0
6.99733 88.0556 0
7.00206 43.2112 0
7.00679 -1.17212 0
7.01153 72.4711 0
7.01628 41.688 0
7.02103 -80.716 0
7.02579 44.9983 0
7.03056 -6.51939 0
7.03533 105.976 0
7.04011 73.003 0
7.0449 34.1678 0
7.04969 76.0697 0
7.05449 61.2752 0
7.05929 42.1394 0
7.06411 124.216 0
7.06893 73.4619 0
7.07375 -84.1005 0
7.07858 0.0131734 0
7.08342 159.631 0
7.08827 128.288 0
7.09312 80.0787 0
7.09798 74.0458 0
7.10284 172.884 0
7.10771 54.3811 0
7.11259 133.851 0
7.11748 65.39 0
7.12237 115.312 0
7.12727 121.964 0
7.13217 255.661 0
7.13708 111.688 0
7.142 182.848 0
7.14693 132.267 0
7.15186 176.362 0
7.1568 188.624 0
7.16174 173.593 0
7.1667 133.881 0
7.17166 43.1632 0
7.17662 35.1164 0
7.1816 182.853 0
7.18658 72.5605 0
7.19156 42.4671 0
7.19656 148.82 0
7.20156 82.5097 0
7.20657 190.159 0
7.21158 101.868 0
7.2166 31.0124 0
7.22163 136.617 0
7.22667 71.5907 0
7.23171 98.2309 0
7.23676 91.2828 0
7.24182 90.0559 0
7.24688 10.2685 0
7.25196 100.011 0
7.25703 48.7327 0
7.26212 44.8097 0
7.26721 91.2993 0
7.27231 49.3988 0
7.27742 75.8206 0
7.28253 141.514 0
7.28765 109.569 0
7.29278 60.7064 0
7.29792 178.324 0
7.30306 358.848 0
7.30821 761.918 0
7.31337 1235.62 0
7.31853 1167.67 0
7.32371 977.674 0
7.32889 629.838 0
7.33407 345.255 0
7.33927 122.982 0
7.34447 162.725 0
7.34968 94.3696 0
7.35489 -7.50688 0
7.36012 32.5317 0
7.36535 137.667 0
7.37059 35.8003 0
7.37583 -13.579 0
7.38109 -31.2776 0
7.38635 17.3459 0
7.39162 28.183 0
7.39689 -121.447 0
7.40217 49.3103 0
7.40747 -35.9574 0
7.41276 4.96516 0
7.41807 -32.2829 0
7.42338 46.0883 0
7.42871 -93.6059 0
7.43403 -119.995 0
7.43937 -47.8349 0
7.44472 -128.432 0
7.45007 -48.5885 0
7.45543 -59.5302 0
7.4608 -4.69522 0
7.46617 -76.2336 0
7.47155 -195.029 0
7.47694 -119.425 0
7.48234 25.2473 0
7.48775 55.5357 0
7.49316 127.905 0
7.49859 44.8874 0
7.50401 99.6498 0
7.50945 124.992 0
7.5149 162.242 0
7.52035 170.451 0
7.52581 159.534 0
7.53128 200.597 0
7.53676 186.888 0
7.54224 221.036 0
7.54774 95.7083 0
7.55324 233.856 0
7.55875 160.621 0
7.56427 93.3228 0
7.56979 154.58 0
7.57533 242.244 0
7.58087 475.171 0
7.58642 455.073 0
7.59197 493.981 0
7.59754 311.892 0
7.60311 77.5306 0
7.6087 105.707 0
7.61429 98.6291 0
7.61989 206.395 0
7.62549 165.694 0
7.63111 87.723 0
7.63673 36.7436 0
7.64236 12.4787 0
7.648 70.2158 0
7.65365 123.456 0
7.65931 76.8824 0
7.66497 -5.5333 0
7.67065 132.849 0
7.67633 128.795 0
7.68202 40.1278 0
7.68772 136.687 0
7.69343 244.346 0
7.69914 169.207 0
7.70487 179.446 0
7.7106 86.321 0
7.71634 80.986 0
7.72209 179.49 0
7.72785 247.305 0
7.73362 236.448 0
7.73939 51.5363 0
7.74518 94.7191 0
7.75097 196.754 0
7.75677 154.809 0
7.76258 220.125 0
7.7684 160.754 0
7.77423 252.145 0
7.78006 146.924 0
7.78591 210.259 0
7.79176 73.4619 0
7.79763 22.1471 0
7.8035 118.756 0
7.80938 82.9674 0
7.81527 185.035 0
7.82117 81.0002 0
7.82707 114.482 0
7.83299 317.348 0
7.83891 301.57 0
7.84485 202.58 0
7.85079 77.9334 0
7.85674 93.9683 0
7.8627 175.022 0
7.86867 118.561 0
7.87465 134.114 0
7.88064 195.596 0
7.88664 53.8778 0
7.89265 49.508 0
7.89866 128.334 0
7.90469 122.707 0
7.91072 137.368 0
7.91676 160.799 0
7.92282 128.542 0
7.92888 138.071 0
7.93495 53.8158 0
7.94103 32.2787 0
7.94712 91.1643 0
7.95322 118.808 0
7.95933 82.76 0
7.96545 152.571 0
7.97157 63.6763 0
7.97771 61.8626 0
7.98386 29.1753 0
7.99001 173.277 0
7.99618 226.199 0
8.00235 203.069 0
8.00854 243.334 0
8.01473 231.036 0
8.02093 245.004 0
8.02715 159.993 0
8.03337 180.123 0
8.0396 110.92 0
8.04584 157.455 0
8.05209 94.9095 0
8.05836 140.148 0
8.06463 114.177 0
8.07091 89.7633 0
8.0772 128.641 0
8.0835 43.7859 0
8.08981 112.488 0
8.09613 189.443 0
8.10246 127.305 0
8.1088 -12.7214 0
8.11515 155.251 0
8.12151 265.748 0
8.12788 103.301 0
8.13426 120.047 0
8.14065 201.005 0
8.14705 22.4938 0
8.15346 257.013 0
8.15988 43.6329 0
8.16631 76.4495 0
8.17275 38.5657 0
8.1792 22.9897 0
8.18566 22.2728 0
8.19213 66.1295 0
8.19861 81.1906 0
8.2051 91.6991 0
8.2116 34.4843 0
8.21812 68.437 0
8.22464 191.089 0
8.23117 253.912 0
8.23771 249.747 0
8.24427 216.806 0
8.25083 435.23 0
8.25741 364.323 0
8.26399 458.74 0
8.27059 527.638 0
8.27719 374.268 0
8.28381 106.185 0
8.29044 117.543 0
8.29707 70.1973 0
8.30372 21.5445 0
8.31038 61.5266 0
8.31705 190.181 0
8.32373 197.629 0
8.33042 19.9662 0
8.33712 -12.3852 0
8.34384 135.032 0
8.35056 238.468 0
8.35729 154.709 0
8.36404 220.329 0
8.3708 182.621 0
8.37756 73.1073 0
8.38434 127.509 0
8.39113 106.454 0
8.39793 94.5377 0
8.40474 -77.8793 0
8.41156 -95.5413 0
8.4184 177.248 0
8.42524 131.942 0
8.43209 159.015 0
8.43896 155.396 0
8.44584 260.309 0
8.45273 241.412 0
8.45963 65.5756 0
8.46654 29.6251 0
8.47346 62.1571 0
8.4804 84.6708 0
8.48734 193.13 0
8.4943 118.959 0
8.50127 173.523 0
8.50825 167.646 0
8.51524 173.021 0
8.52224 19.3718 0
8.52925 18.7255 0
8.53628 207.647 0
8.54332 80.5418 0
8.55037 12.4637 0
8.55743 -6.16405 0
8.5645 23.9479 0
8.57158 28.6659 0
8.57868 96.3111 0
8.58579 125.602 0
8.59291 137.246 0
8.60004 48.9736 0
8.60718 76.4172 0
8.61433 182.822 0
8.6215 196.727 0
8.62868 217.054 0
8.63587 226.246 0
8.64307 154.6 0
8.65029 430.155 0
8.65751 521.524 0
8.66475 324.609 0
8.672 219.684 0
8.67927 165.874 0
8.68654 77.0537 0
8.69383 130.384 0
8.70113 135.701 0
8.70844 171.911 0
8.71577 17.6485 0
8.7231 69.3499 0
8.73045 92.918 0
8.73781 97.0852 0
8.74519 123.103 0
8.75257 153.178 0
8.75997 104.629 0
8.76738 116.217 0
8.7748 223.382 0
8.78224 110.953 0
8.78969 186.506 0
8.79715 131.815 0
8.80463 77.0635 0
8.81211 36.3595 0
8.81961 62.8259 0
8.82712 125.332 0
8.83465 42.7112 0
8.84219 84.2097 0
8.84974 132.576 0
8.8573 151.99 0
8.86488 6.09926 0
8.87247 88.8363 0
8.88007 259.208 0
8.88769 230.126 0
8.89532 286.516 0
8.90296 187.023 0
8.91061 68.4416 0
8.91828 119.46 0
8.92596 33.328 0
8.93366 8.53497 0
8.94137 215.64 0
8.94909 192.89 0
8.95682 154.346 0
